pop	id	k1	k2	k3	k4	k5	k6	k7
Amhara	EGAN00001044421	1e-05	1e-05	0.362796	1e-05	1e-05	0.637154	1e-05
Amhara	EGAN00001044423	1e-05	1e-05	0.330296	1e-05	1e-05	0.669654	1e-05
Amhara	EGAN00001044424	1e-05	1e-05	0.341675	1e-05	1e-05	0.658275	1e-05
Amhara	EGAN00001044425	1e-05	1e-05	0.343033	1e-05	1e-05	0.656917	1e-05
Amhara	EGAN00001044426	1e-05	1e-05	0.363111	1e-05	1e-05	0.636839	1e-05
Amhara	EGAN00001044427	1e-05	1e-05	0.340839	1e-05	1e-05	0.659111	1e-05
Amhara	EGAN00001044428	1e-05	1e-05	0.306485	1e-05	1e-05	0.693465	1e-05
Amhara	EGAN00001044429	1e-05	1e-05	0.363413	1e-05	1e-05	0.636537	1e-05
Amhara	EGAN00001044430	1e-05	1e-05	0.322828	1e-05	1e-05	0.677122	1e-05
Amhara	EGAN00001044431	1e-05	1e-05	0.369859	1e-05	1e-05	0.630091	1e-05
Amhara	EGAN00001044432	1e-05	1e-05	0.311604	1e-05	1e-05	0.688346	1e-05
Amhara	EGAN00001044433	1e-05	1e-05	0.334214	1e-05	1e-05	0.665736	1e-05
Amhara	EGAN00001044434	1e-05	1e-05	0.367073	1e-05	1e-05	0.632877	1e-05
Amhara	EGAN00001044435	1e-05	1e-05	0.35524	1e-05	1e-05	0.64471	1e-05
Amhara	EGAN00001044436	1e-05	1e-05	0.359671	1e-05	1e-05	0.640279	1e-05
Amhara	EGAN00001044437	1e-05	1e-05	0.351185	1e-05	1e-05	0.648765	1e-05
Amhara	EGAN00001044438	1e-05	1e-05	0.318056	1e-05	1e-05	0.681894	1e-05
Amhara	EGAN00001044439	1e-05	1e-05	0.331645	1e-05	1e-05	0.668305	1e-05
Amhara	EGAN00001044440	1e-05	1e-05	0.345712	1e-05	1e-05	0.654238	1e-05
Amhara	EGAN00001044441	1e-05	1e-05	0.375576	1e-05	1e-05	0.624374	1e-05
Amhara	EGAN00001044442	1e-05	1e-05	0.377221	1e-05	1e-05	0.622729	1e-05
Amhara	EGAN00001044443	1e-05	1e-05	0.305781	1e-05	1e-05	0.694169	1e-05
Gumuz	EGAN00001044445	1e-05	1e-05	1e-05	1e-05	1e-05	0.99994	1e-05
Gumuz	EGAN00001044446	1e-05	1e-05	1e-05	1e-05	1e-05	0.99994	1e-05
Gumuz	EGAN00001044447	1e-05	1e-05	1e-05	1e-05	1e-05	0.99994	1e-05
Gumuz	EGAN00001044448	1e-05	1e-05	1e-05	1e-05	1e-05	0.99994	1e-05
Gumuz	EGAN00001044449	1e-05	1e-05	1e-05	1e-05	1e-05	0.99994	1e-05
Gumuz	EGAN00001044450	1e-05	1e-05	1e-05	1e-05	1e-05	0.99994	1e-05
Gumuz	EGAN00001044451	1e-05	1e-05	1e-05	1e-05	1e-05	0.99994	1e-05
Gumuz	EGAN00001044452	1e-05	1e-05	1e-05	1e-05	1e-05	0.99994	1e-05
Gumuz	EGAN00001044453	1e-05	1e-05	1e-05	1e-05	1e-05	0.99994	1e-05
Gumuz	EGAN00001044454	1e-05	1e-05	1e-05	1e-05	1e-05	0.99994	1e-05
Gumuz	EGAN00001044455	1e-05	1e-05	1e-05	1e-05	1e-05	0.99994	1e-05
Gumuz	EGAN00001044456	1e-05	1e-05	1e-05	1e-05	1e-05	0.99994	1e-05
Gumuz	EGAN00001044457	1e-05	1e-05	1e-05	1e-05	1e-05	0.99994	1e-05
Gumuz	EGAN00001044459	1e-05	1e-05	1e-05	1e-05	1e-05	0.99994	1e-05
Gumuz	EGAN00001044460	1e-05	1e-05	1e-05	1e-05	1e-05	0.99994	1e-05
Gumuz	EGAN00001044461	1e-05	1e-05	1e-05	1e-05	1e-05	0.99994	1e-05
Gumuz	EGAN00001044462	1e-05	1e-05	1e-05	1e-05	1e-05	0.99994	1e-05
Gumuz	EGAN00001044463	1e-05	1e-05	1e-05	1e-05	1e-05	0.99994	1e-05
Gumuz	EGAN00001044464	1e-05	1e-05	1e-05	1e-05	1e-05	0.99994	1e-05
Gumuz	EGAN00001044465	1e-05	1e-05	1e-05	1e-05	1e-05	0.99994	1e-05
Gumuz	EGAN00001044466	1e-05	1e-05	1e-05	1e-05	1e-05	0.99994	1e-05
Gumuz	EGAN00001044467	1e-05	1e-05	1e-05	1e-05	1e-05	0.99994	1e-05
Gumuz	EGAN00001044468	1e-05	1e-05	1e-05	1e-05	1e-05	0.99994	1e-05
Zulu	EGAN00001068937	1e-05	0.99994	1e-05	1e-05	1e-05	1e-05	1e-05
Zulu	EGAN00001068938	1e-05	0.99994	1e-05	1e-05	1e-05	1e-05	1e-05
Zulu	EGAN00001068943	1e-05	0.99994	1e-05	1e-05	1e-05	1e-05	1e-05
Zulu	EGAN00001068947	1e-05	0.99994	1e-05	1e-05	1e-05	1e-05	1e-05
Zulu	EGAN00001068950	1e-05	0.999937	1e-05	1.3e-05	1e-05	1e-05	1e-05
Zulu	EGAN00001068954	1e-05	0.99994	1e-05	1e-05	1e-05	1e-05	1e-05
Zulu	EGAN00001068957	1e-05	0.999939	1e-05	1e-05	1e-05	1.1e-05	1e-05
Zulu	EGAN00001068959	1e-05	0.99994	1e-05	1e-05	1e-05	1e-05	1e-05
Zulu	EGAN00001068962	1e-05	0.99994	1e-05	1e-05	1e-05	1e-05	1e-05
Zulu	EGAN00001068963	1e-05	0.99994	1e-05	1e-05	1e-05	1e-05	1e-05
Zulu	EGAN00001068964	1e-05	0.99994	1e-05	1e-05	1e-05	1e-05	1e-05
Zulu	EGAN00001068965	1e-05	0.99994	1e-05	1e-05	1e-05	1e-05	1e-05
Zulu	EGAN00001068966	1e-05	0.99994	1e-05	1e-05	1e-05	1e-05	1e-05
Zulu	EGAN00001068967	1e-05	0.99994	1e-05	1e-05	1e-05	1e-05	1e-05
Zulu	EGAN00001068968	1e-05	0.99994	1e-05	1e-05	1e-05	1e-05	1e-05
Zulu	EGAN00001068969	1e-05	0.99994	1e-05	1e-05	1e-05	1e-05	1e-05
Zulu	EGAN00001068970	1e-05	0.99994	1e-05	1e-05	1e-05	1e-05	1e-05
Zulu	EGAN00001068971	1e-05	0.99994	1e-05	1e-05	1e-05	1e-05	1e-05
Zulu	EGAN00001068972	1e-05	0.99994	1e-05	1e-05	1e-05	1e-05	1e-05
Zulu	EGAN00001068973	1e-05	0.999937	1e-05	1.3e-05	1e-05	1e-05	1e-05
Zulu	EGAN00001068974	1e-05	0.99994	1e-05	1e-05	1e-05	1e-05	1e-05
Zulu	EGAN00001068975	1e-05	0.99633	1e-05	1e-05	1e-05	1e-05	0.00362
Zulu	EGAN00001069124	1e-05	0.99994	1e-05	1e-05	1e-05	1e-05	1e-05
Zulu	EGAN00001069125	1e-05	0.99994	1e-05	1e-05	1e-05	1e-05	1e-05
Zulu	EGAN00001069126	1e-05	0.99994	1e-05	1e-05	1e-05	1e-05	1e-05
Zulu	EGAN00001069127	1e-05	0.99994	1e-05	1e-05	1e-05	1e-05	1e-05
Zulu	EGAN00001069128	1e-05	0.99994	1e-05	1e-05	1e-05	1e-05	1e-05
Zulu	EGAN00001069129	1e-05	0.99994	1e-05	1e-05	1e-05	1e-05	1e-05
Zulu	EGAN00001069130	1e-05	0.99994	1e-05	1e-05	1e-05	1e-05	1e-05
Zulu	EGAN00001069131	1e-05	0.99994	1e-05	1e-05	1e-05	1e-05	1e-05
Zulu	EGAN00001069132	1e-05	0.999935	1e-05	1.1e-05	1e-05	1.5e-05	1e-05
Zulu	EGAN00001069133	1e-05	0.99994	1e-05	1e-05	1e-05	1e-05	1e-05
Zulu	EGAN00001069134	1e-05	0.99994	1e-05	1e-05	1e-05	1e-05	1e-05
Zulu	EGAN00001069135	1e-05	0.99994	1e-05	1e-05	1e-05	1e-05	1e-05
Zulu	EGAN00001069136	1e-05	0.99994	1e-05	1e-05	1e-05	1e-05	1e-05
Zulu	EGAN00001069137	1e-05	0.999928	1e-05	1.6e-05	1.6e-05	1e-05	1e-05
Zulu	EGAN00001069138	1e-05	0.99994	1e-05	1e-05	1e-05	1e-05	1e-05
Zulu	EGAN00001069139	1e-05	0.99994	1e-05	1e-05	1e-05	1e-05	1e-05
Zulu	EGAN00001069140	1e-05	0.99994	1e-05	1e-05	1e-05	1e-05	1e-05
Zulu	EGAN00001069141	1e-05	0.828154	0.171796	1e-05	1e-05	1e-05	1e-05
Zulu	EGAN00001069142	1e-05	0.9635	1e-05	0.03645	1e-05	1e-05	1e-05
Zulu	EGAN00001069143	1e-05	0.99994	1e-05	1e-05	1e-05	1e-05	1e-05
Zulu	EGAN00001069144	1e-05	0.99994	1e-05	1e-05	1e-05	1e-05	1e-05
Zulu	EGAN00001069145	1e-05	0.99994	1e-05	1e-05	1e-05	1e-05	1e-05
Zulu	EGAN00001069146	1e-05	0.99994	1e-05	1e-05	1e-05	1e-05	1e-05
Zulu	EGAN00001069147	1e-05	0.99994	1e-05	1e-05	1e-05	1e-05	1e-05
Zulu	EGAN00001069148	1e-05	0.99994	1e-05	1e-05	1e-05	1e-05	1e-05
Zulu	EGAN00001069149	1e-05	0.99994	1e-05	1e-05	1e-05	1e-05	1e-05
Zulu	EGAN00001069150	1e-05	0.99994	1e-05	1e-05	1e-05	1e-05	1e-05
Zulu	EGAN00001069151	1e-05	0.99994	1e-05	1e-05	1e-05	1e-05	1e-05
Zulu	EGAN00001069152	1e-05	0.991458	1e-05	0.008489	1e-05	1.3e-05	1e-05
Zulu	EGAN00001069153	1e-05	0.99994	1e-05	1e-05	1e-05	1e-05	1e-05
Zulu	EGAN00001069154	1e-05	0.99994	1e-05	1e-05	1e-05	1e-05	1e-05
Zulu	EGAN00001069155	1e-05	0.999939	1e-05	1e-05	1e-05	1.1e-05	1e-05
Zulu	EGAN00001069156	1e-05	0.99994	1e-05	1e-05	1e-05	1e-05	1e-05
Zulu	EGAN00001069157	1e-05	0.999925	1e-05	1.8e-05	1.7e-05	1e-05	1e-05
Zulu	EGAN00001069158	1e-05	0.999934	1e-05	1.6e-05	1e-05	1e-05	1e-05
Zulu	EGAN00001069159	1e-05	0.99994	1e-05	1e-05	1e-05	1e-05	1e-05
Zulu	EGAN00001069160	1e-05	0.99994	1e-05	1e-05	1e-05	1e-05	1e-05
Zulu	EGAN00001069161	1e-05	0.99994	1e-05	1e-05	1e-05	1e-05	1e-05
Zulu	EGAN00001069162	1e-05	0.99994	1e-05	1e-05	1e-05	1e-05	1e-05
Zulu	EGAN00001069163	1e-05	0.99994	1e-05	1e-05	1e-05	1e-05	1e-05
Zulu	EGAN00001069164	1e-05	0.99994	1e-05	1e-05	1e-05	1e-05	1e-05
Zulu	EGAN00001069165	1e-05	0.99994	1e-05	1e-05	1e-05	1e-05	1e-05
Zulu	EGAN00001069166	1e-05	0.999939	1e-05	1e-05	1e-05	1.1e-05	1e-05
Zulu	EGAN00001069168	1e-05	0.99994	1e-05	1e-05	1e-05	1e-05	1e-05
Zulu	EGAN00001069169	1e-05	0.99994	1e-05	1e-05	1e-05	1e-05	1e-05
Zulu	EGAN00001069170	1e-05	0.999937	1e-05	1.3e-05	1e-05	1e-05	1e-05
Zulu	EGAN00001069171	1e-05	0.999939	1e-05	1e-05	1.1e-05	1e-05	1e-05
Zulu	EGAN00001069172	1e-05	0.99994	1e-05	1e-05	1e-05	1e-05	1e-05
Zulu	EGAN00001069173	1e-05	0.99994	1e-05	1e-05	1e-05	1e-05	1e-05
Zulu	EGAN00001069174	1e-05	0.99994	1e-05	1e-05	1e-05	1e-05	1e-05
Zulu	EGAN00001069175	1e-05	0.99994	1e-05	1e-05	1e-05	1e-05	1e-05
Zulu	EGAN00001069176	1e-05	0.99994	1e-05	1e-05	1e-05	1e-05	1e-05
Zulu	EGAN00001069177	1e-05	0.99994	1e-05	1e-05	1e-05	1e-05	1e-05
Zulu	EGAN00001069178	1e-05	0.99994	1e-05	1e-05	1e-05	1e-05	1e-05
Zulu	EGAN00001069179	1e-05	0.99994	1e-05	1e-05	1e-05	1e-05	1e-05
Zulu	EGAN00001069180	1e-05	0.99994	1e-05	1e-05	1e-05	1e-05	1e-05
Zulu	EGAN00001069181	1e-05	0.99994	1e-05	1e-05	1e-05	1e-05	1e-05
Zulu	EGAN00001069182	1e-05	0.99994	1e-05	1e-05	1e-05	1e-05	1e-05
Zulu	EGAN00001069183	1e-05	0.99994	1e-05	1e-05	1e-05	1e-05	1e-05
Zulu	EGAN00001069184	1e-05	0.99994	1e-05	1e-05	1e-05	1e-05	1e-05
Zulu	EGAN00001069185	1e-05	0.999939	1e-05	1e-05	1.1e-05	1e-05	1e-05
Zulu	EGAN00001069186	1e-05	0.99994	1e-05	1e-05	1e-05	1e-05	1e-05
Zulu	EGAN00001069187	1e-05	0.99994	1e-05	1e-05	1e-05	1e-05	1e-05
Zulu	EGAN00001069188	1e-05	0.99994	1e-05	1e-05	1e-05	1e-05	1e-05
Zulu	EGAN00001069189	0.014268	0.975687	0.008034	0.001981	1e-05	1e-05	1e-05
Zulu	EGAN00001069190	1e-05	0.99994	1e-05	1e-05	1e-05	1e-05	1e-05
Zulu	EGAN00001069193	1e-05	0.99994	1e-05	1e-05	1e-05	1e-05	1e-05
Zulu	EGAN00001069194	1e-05	0.99994	1e-05	1e-05	1e-05	1e-05	1e-05
Zulu	EGAN00001069195	1e-05	0.99994	1e-05	1e-05	1e-05	1e-05	1e-05
Zulu	EGAN00001069196	1e-05	0.99994	1e-05	1e-05	1e-05	1e-05	1e-05
Zulu	EGAN00001069197	1e-05	0.99994	1e-05	1e-05	1e-05	1e-05	1e-05
Zulu	EGAN00001069198	1e-05	0.99994	1e-05	1e-05	1e-05	1e-05	1e-05
Zulu	EGAN00001069199	1e-05	0.99994	1e-05	1e-05	1e-05	1e-05	1e-05
Zulu	EGAN00001069200	1e-05	0.99994	1e-05	1e-05	1e-05	1e-05	1e-05
Zulu	EGAN00001069201	1e-05	0.99994	1e-05	1e-05	1e-05	1e-05	1e-05
Zulu	EGAN00001069202	1e-05	0.99994	1e-05	1e-05	1e-05	1e-05	1e-05
Oromo	EGAN00001071672	1e-05	1e-05	0.27655	1e-05	1e-05	0.7234	1e-05
Oromo	EGAN00001071678	1e-05	1e-05	0.317907	1e-05	1e-05	0.682043	1e-05
Oromo	EGAN00001071679	1e-05	1e-05	0.307873	1e-05	1e-05	0.692077	1e-05
Oromo	EGAN00001071689	1e-05	1e-05	0.264964	1e-05	1e-05	0.734986	1e-05
Oromo	EGAN00001071690	1e-05	1e-05	0.280796	1e-05	1e-05	0.719154	1e-05
Oromo	EGAN00001071702	1e-05	1e-05	0.311849	1e-05	1e-05	0.688101	1e-05
Oromo	EGAN00001071703	1e-05	1e-05	0.327968	1e-05	1e-05	0.671982	1e-05
Somali	EGAN00001071705	1e-05	1e-05	0.182124	1e-05	1e-05	0.817826	1e-05
Oromo	EGAN00001071714	1e-05	1e-05	0.310878	1e-05	1e-05	0.689072	1e-05
Oromo	EGAN00001071715	1e-05	1e-05	0.283567	1e-05	1e-05	0.716383	1e-05
Somali	EGAN00001071717	1e-05	1e-05	0.155257	1e-05	1e-05	0.844693	1e-05
Oromo	EGAN00001071721	1e-05	1e-05	0.292944	1e-05	1e-05	0.707006	1e-05
Oromo	EGAN00001071722	1e-05	1e-05	0.283816	1e-05	1e-05	0.716134	1e-05
Oromo	EGAN00001071723	1e-05	1e-05	0.288296	1e-05	1e-05	0.711654	1e-05
Oromo	EGAN00001071735	1e-05	1e-05	0.278107	1e-05	1e-05	0.721843	1e-05
Oromo	EGAN00001071736	1e-05	1e-05	0.289989	1e-05	1e-05	0.709961	1e-05
Somali	EGAN00001071737	1e-05	1e-05	0.188889	1e-05	1e-05	0.811061	1e-05
Oromo	EGAN00001071746	1e-05	1e-05	0.331865	1e-05	1e-05	0.668085	1e-05
Oromo	EGAN00001071747	1e-05	1e-05	0.18537	1e-05	1e-05	0.81458	1e-05
Somali	EGAN00001071752	1e-05	1e-05	0.182996	1e-05	1e-05	0.816954	1e-05
Oromo	EGAN00001071759	1e-05	1e-05	0.256538	1e-05	1e-05	0.743412	1e-05
Oromo	EGAN00001071760	1e-05	1e-05	0.219307	1e-05	1e-05	0.780643	1e-05
Somali	EGAN00001071762	1e-05	1e-05	0.168973	1e-05	1e-05	0.830977	1e-05
Oromo	EGAN00001071768	1e-05	1e-05	0.344286	1e-05	1e-05	0.655664	1e-05
Oromo	EGAN00001071770	1e-05	1e-05	0.347077	1e-05	1e-05	0.652873	1e-05
Somali	EGAN00001071771	0.006095	1e-05	0.307005	1e-05	1e-05	0.629231	0.057639
Somali	EGAN00001071772	1e-05	1e-05	0.198658	1e-05	1e-05	0.801292	1e-05
Oromo	EGAN00001071778	1e-05	1e-05	0.264522	1e-05	1e-05	0.735428	1e-05
Somali	EGAN00001071782	1e-05	1e-05	0.190468	1e-05	1e-05	0.809482	1e-05
Somali	EGAN00001071784	1e-05	1e-05	0.174474	1e-05	1e-05	0.825476	1e-05
Oromo	EGAN00001071792	1e-05	1e-05	0.320136	1e-05	1e-05	0.679814	1e-05
Somali	EGAN00001071794	1e-05	1e-05	0.198599	1e-05	1e-05	0.801351	1e-05
Somali	EGAN00001071795	1e-05	1e-05	0.168587	1e-05	1e-05	0.831363	1e-05
Oromo	EGAN00001071805	1e-05	1e-05	0.335248	1e-05	1e-05	0.664702	1e-05
Oromo	EGAN00001071806	1e-05	1e-05	0.341148	1e-05	1e-05	0.658802	1e-05
Somali	EGAN00001071807	1e-05	1e-05	0.177583	1e-05	1e-05	0.822367	1e-05
Somali	EGAN00001071808	1e-05	1e-05	0.177307	1e-05	1e-05	0.822643	1e-05
Somali	EGAN00001071816	1e-05	1e-05	0.147165	1e-05	1e-05	0.852785	1e-05
Somali	EGAN00001071818	1e-05	1e-05	0.142805	1e-05	1e-05	0.810255	0.0469
Somali	EGAN00001071819	1e-05	1e-05	0.156442	1e-05	1e-05	0.843508	1e-05
Somali	EGAN00001071820	1e-05	1e-05	0.181326	1e-05	1e-05	0.818624	1e-05
Somali	EGAN00001071821	1e-05	1e-05	0.155858	1e-05	1e-05	0.844092	1e-05
Somali	EGAN00001071822	1e-05	1e-05	0.175315	1e-05	1e-05	0.824635	1e-05
Somali	EGAN00001071823	1e-05	1e-05	0.188198	1e-05	1e-05	0.811752	1e-05
Somali	EGAN00001071824	1e-05	1e-05	0.161161	1e-05	1e-05	0.838789	1e-05
Somali	EGAN00001071825	1e-05	1e-05	0.189302	1e-05	1e-05	0.810648	1e-05
Somali	EGAN00001071826	1e-05	1e-05	0.171369	1e-05	1e-05	0.828581	1e-05
Wolayta	EGAN00001071827	1e-05	1e-05	0.200895	1e-05	1e-05	0.799055	1e-05
Wolayta	EGAN00001071828	1e-05	1e-05	0.196896	1e-05	1e-05	0.803054	1e-05
Wolayta	EGAN00001071829	1e-05	1e-05	0.215376	1e-05	1e-05	0.784574	1e-05
Wolayta	EGAN00001071830	1e-05	1e-05	0.16228	1e-05	1e-05	0.83767	1e-05
Wolayta	EGAN00001071831	1e-05	1e-05	0.142834	1e-05	1e-05	0.857116	1e-05
Wolayta	EGAN00001071832	1e-05	1e-05	0.220358	1e-05	1e-05	0.779592	1e-05
Wolayta	EGAN00001071833	1e-05	1e-05	0.207659	1e-05	1e-05	0.792291	1e-05
Wolayta	EGAN00001071834	1e-05	1e-05	0.125427	1e-05	1e-05	0.874523	1e-05
Wolayta	EGAN00001071835	1e-05	1e-05	0.248662	1e-05	1e-05	0.751288	1e-05
Wolayta	EGAN00001071836	1e-05	1e-05	0.17052	1e-05	1e-05	0.82943	1e-05
Wolayta	EGAN00001071837	1e-05	1e-05	0.225461	1e-05	1e-05	0.774489	1e-05
Wolayta	EGAN00001071838	1e-05	1e-05	0.160601	1e-05	1e-05	0.839349	1e-05
Wolayta	EGAN00001071839	1e-05	1e-05	0.15122	1e-05	1e-05	0.84873	1e-05
Wolayta	EGAN00001071840	1e-05	1e-05	0.195184	1e-05	1e-05	0.804766	1e-05
Wolayta	EGAN00001071841	1e-05	1e-05	0.200817	1e-05	1e-05	0.799133	1e-05
Wolayta	EGAN00001071842	1e-05	1e-05	0.203603	1e-05	1e-05	0.796347	1e-05
Wolayta	EGAN00001071843	1e-05	1e-05	0.225676	1e-05	1e-05	0.774274	1e-05
Wolayta	EGAN00001071844	1e-05	1e-05	0.274441	1e-05	1e-05	0.725509	1e-05
Wolayta	EGAN00001071845	1e-05	1e-05	0.156383	1e-05	1e-05	0.843567	1e-05
Wolayta	EGAN00001071846	1e-05	1e-05	0.185384	1e-05	1e-05	0.814566	1e-05
Wolayta	EGAN00001071847	1e-05	1e-05	0.217892	1e-05	1e-05	0.782058	1e-05
Wolayta	EGAN00001071848	1e-05	1e-05	0.142079	1e-05	1e-05	0.857871	1e-05
Wolayta	EGAN00001071849	1e-05	1e-05	0.215988	1e-05	1e-05	0.783962	1e-05
Wolayta	EGAN00001071850	1e-05	1e-05	0.208026	1e-05	1e-05	0.791924	1e-05
Egyptian	EGAN00001101667	1e-05	1e-05	0.814184	1e-05	1e-05	0.15747	0.028306
Egyptian	EGAN00001101668	1e-05	1e-05	0.785936	1e-05	1e-05	0.181954	0.03207
Egyptian	EGAN00001101676	1e-05	1e-05	0.741239	1e-05	1e-05	0.200541	0.058179
Egyptian	EGAN00001101678	1e-05	1e-05	0.765084	1e-05	1e-05	0.183446	0.051431
Egyptian	EGAN00001101679	1.3e-05	1e-05	0.754955	1e-05	1e-05	0.199031	0.045971
Egyptian	EGAN00001101687	1e-05	1e-05	0.832804	1e-05	1e-05	0.167146	1e-05
Egyptian	EGAN00001101688	1e-05	1e-05	0.782709	1e-05	1e-05	0.179919	0.037332
Egyptian	EGAN00001101689	1e-05	1e-05	0.785302	1e-05	1e-05	0.191205	0.023453
Egyptian	EGAN00001101711	1e-05	1e-05	0.762521	1e-05	1e-05	0.186872	0.050566
Egyptian	EGAN00001101716	1e-05	1e-05	0.780053	1e-05	1e-05	0.179201	0.040706
Egyptian	EGAN00001101736	1e-05	1e-05	0.738083	1e-05	1e-05	0.237547	0.02433
Egyptian	EGAN00001101737	1e-05	1e-05	0.792	1e-05	1e-05	0.176978	0.030982
Egyptian	EGAN00001101754	1e-05	1e-05	0.77817	1e-05	1e-05	0.164921	0.056869
Egyptian	EGAN00001101755	1e-05	1e-05	0.75868	1e-05	1e-05	0.194992	0.046288
Egyptian	EGAN00001101767	1e-05	1e-05	0.805106	1e-05	1e-05	0.158992	0.035862
Egyptian	EGAN00001101774	1e-05	1e-05	0.775526	1e-05	1e-05	0.179843	0.044591
Egyptian	EGAN00001101776	1.6e-05	1e-05	0.981039	1e-05	1e-05	0.018905	1e-05
Egyptian	EGAN00001101780	1e-05	1e-05	0.788899	1e-05	1e-05	0.174394	0.036667
Egyptian	EGAN00001101781	1e-05	1e-05	0.75942	1e-05	1e-05	0.202127	0.038413
Egyptian	EGAN00001101787	1e-05	1e-05	0.774405	1e-05	1e-05	0.174701	0.050854
Egyptian	EGAN00001101788	1e-05	1e-05	0.767517	1e-05	1e-05	0.182485	0.049957
Egyptian	EGAN00001101792	1e-05	1e-05	0.77763	1e-05	1e-05	0.173832	0.048498
Egyptian	EGAN00001101793	1e-05	1e-05	0.606684	1e-05	1e-05	0.273289	0.119987
Egyptian	EGAN00001101799	1e-05	1e-05	0.756161	1e-05	1e-05	0.197666	0.046133
Egyptian	EGAN00001101801	1e-05	1e-05	0.839316	1e-05	1e-05	0.160634	1e-05
Egyptian	EGAN00001101802	1e-05	1e-05	0.806896	1e-05	1e-05	0.160048	0.033016
Egyptian	EGAN00001101803	1e-05	1e-05	0.739099	1e-05	1e-05	0.194421	0.06644
Egyptian	EGAN00001101809	1e-05	1e-05	0.778512	1e-05	1e-05	0.18241	0.039039
Egyptian	EGAN00001101813	1e-05	0.027248	0.69938	1e-05	0.028867	0.194576	0.049909
Egyptian	EGAN00001101814	1.9e-05	1e-05	0.789077	1e-05	1e-05	0.163923	0.04695
Egyptian	EGAN00001101823	1e-05	1e-05	0.746037	1e-05	1e-05	0.199552	0.054371
Egyptian	EGAN00001101824	1e-05	1e-05	0.781175	1e-05	1e-05	0.170054	0.048731
Egyptian	EGAN00001101825	1e-05	1e-05	0.803212	1e-05	1e-05	0.178289	0.018459
Egyptian	EGAN00001101831	1e-05	1e-05	0.750552	1e-05	1e-05	0.199628	0.049779
Banyarwanda	EGAN00001160546	1e-05	1e-05	0.053674	1e-05	0.379242	0.567044	1e-05
Banyarwanda	EGAN00001160554	1e-05	1e-05	1e-05	1e-05	0.73437	0.261415	0.004175
Banyarwanda	EGAN00001160564	1.4e-05	0.000969	1e-05	1e-05	0.879057	1e-05	0.11993
Barundi	EGAN00001160574	1e-05	1e-05	1e-05	1e-05	0.824266	0.105121	0.070574
Banyarwanda	EGAN00001160575	1e-05	1e-05	1e-05	1e-05	0.82326	0.137581	0.039119
Banyarwanda	EGAN00001160622	1e-05	1e-05	1e-05	1e-05	0.896155	0.010643	0.093162
Rwandese	EGAN00001160655	1e-05	1e-05	0.025496	1e-05	0.627848	0.346615	1e-05
Banyarwanda	EGAN00001160693	1e-05	1e-05	0.010147	1e-05	0.784585	0.205228	1e-05
Banyarwanda	EGAN00001160714	1e-05	1e-05	0.002453	1e-05	0.965892	0.028647	0.002979
Rwandese	EGAN00001160799	1e-05	1e-05	0.014198	1e-05	0.656852	0.32891	1e-05
Banyarwanda	EGAN00001160819	1e-05	1e-05	0.006189	1e-05	0.813819	0.179952	1e-05
Banyarwanda	EGAN00001160820	1e-05	1e-05	1e-05	1e-05	0.868333	0.058861	0.072767
Banyarwanda	EGAN00001160829	1e-05	1e-05	0.019189	1e-05	0.667538	0.313234	1e-05
Rwandese	EGAN00001160835	1.1e-05	1e-05	0.010181	1e-05	0.703829	0.285949	1e-05
Banyarwanda	EGAN00001160845	1e-05	1e-05	0.024401	1e-05	0.689743	0.285816	1e-05
Banyarwanda	EGAN00001160897	1e-05	1e-05	1e-05	1e-05	0.919579	1e-05	0.080371
Banyarwanda	EGAN00001160904	1e-05	1e-05	1e-05	1e-05	0.961742	1e-05	0.038208
Banyarwanda	EGAN00001160923	1e-05	1e-05	1e-05	1e-05	0.846115	0.049844	0.104001
Barundi	EGAN00001161009	1e-05	1e-05	1e-05	1e-05	0.795766	0.125318	0.078877
Banyankole	EGAN00001161013	1e-05	1e-05	0.018733	1e-05	0.79007	0.191157	1e-05
Banyankole	EGAN00001161072	1e-05	1e-05	0.014065	1e-05	0.800392	0.185503	1e-05
Banyarwanda	EGAN00001161102	1e-05	1e-05	1e-05	1e-05	0.885063	0.107602	0.007296
Banyarwanda	EGAN00001161146	1e-05	1e-05	0.002126	1e-05	0.842586	0.155248	1e-05
Banyarwanda	EGAN00001161190	1e-05	1e-05	1e-05	1e-05	0.802747	0.197203	1e-05
Barundi	EGAN00001161211	1e-05	1e-05	1e-05	1e-05	0.91444	1e-05	0.08551
Barundi	EGAN00001161223	1e-05	1e-05	1e-05	1e-05	0.925241	1e-05	0.074709
Barundi	EGAN00001161273	1.1e-05	0.017637	1e-05	1e-05	0.787879	0.105057	0.089395
Banyarwanda	EGAN00001161275	1e-05	1e-05	1e-05	1e-05	0.99994	1e-05	1e-05
Bakiga	EGAN00001161276	1e-05	1e-05	1e-05	1e-05	0.99994	1e-05	1e-05
Banyarwanda	EGAN00001161297	1e-05	1e-05	1e-05	1e-05	0.991971	0.007979	1e-05
Banyarwanda	EGAN00001161298	1e-05	1e-05	0.007977	1e-05	0.991973	1e-05	1e-05
Banyarwanda	EGAN00001161301	1e-05	1e-05	0.004729	1e-05	0.825181	0.114427	0.055634
Banyarwanda	EGAN00001161313	1e-05	1e-05	1e-05	1e-05	0.97933	0.008368	0.012261
Banyarwanda	EGAN00001161315	1e-05	1e-05	1e-05	1e-05	0.99994	1e-05	1e-05
Banyarwanda	EGAN00001161316	1e-05	1e-05	0.006597	1e-05	0.787247	0.178985	0.027142
Banyarwanda	EGAN00001161329	1e-05	1e-05	0.006033	1e-05	0.82003	0.173897	1e-05
Rwandese	EGAN00001161396	1e-05	1e-05	1e-05	1e-05	0.804621	0.162594	0.032745
Banyarwanda	EGAN00001161428	1e-05	1e-05	1e-05	1e-05	0.977235	0.022715	1e-05
Banyarwanda	EGAN00001161431	1e-05	1e-05	0.011493	1e-05	0.758677	0.19609	0.033709
Banyankole	EGAN00001161440	1e-05	1e-05	1e-05	1e-05	0.874127	0.028862	0.096971
Banyankole	EGAN00001161447	1e-05	1e-05	0.011585	1e-05	0.730131	0.258243	1e-05
Bakiga	EGAN00001161452	1e-05	1e-05	1e-05	1e-05	0.898589	1e-05	0.101361
Rwandese	EGAN00001161467	1e-05	1e-05	0.019824	1e-05	0.678085	0.302051	1e-05
Rwandese	EGAN00001161524	1e-05	0.021133	1e-05	1e-05	0.794346	0.086444	0.098046
Banyankole	EGAN00001161525	1e-05	1e-05	0.002922	1e-05	0.888544	0.108494	1e-05
Banyankole	EGAN00001161537	1e-05	1e-05	0.002793	1e-05	0.876863	0.116598	0.003716
Banyankole	EGAN00001161539	1e-05	1e-05	0.006412	1e-05	0.878027	0.102353	0.013178
Banyarwanda	EGAN00001161557	1e-05	1e-05	1e-05	1e-05	0.902534	1e-05	0.097416
Bakiga	EGAN00001161565	1e-05	1e-05	0.005581	1e-05	0.856975	0.137405	1e-05
Bakiga	EGAN00001161610	1e-05	1e-05	0.01816	1e-05	0.865183	0.116618	1e-05
Banyankole	EGAN00001161621	1e-05	1e-05	1e-05	1e-05	0.914686	0.085264	1e-05
Banyarwanda	EGAN00001161682	1e-05	1e-05	0.004891	1e-05	0.859271	0.135799	1e-05
Banyarwanda	EGAN00001161685	1e-05	1e-05	0.00461	1e-05	0.909585	0.085765	1e-05
Bakiga	EGAN00001161715	1e-05	1e-05	1e-05	1e-05	0.941778	0.057562	0.00062
Banyarwanda	EGAN00001161718	1e-05	1e-05	0.011809	1e-05	0.813494	0.174657	1e-05
Rwandese	EGAN00001161735	1e-05	1e-05	1e-05	1e-05	0.972982	0.009213	0.017764
Banyarwanda	EGAN00001161763	1e-05	1e-05	1e-05	1e-05	0.888579	0.03351	0.07787
Rwandese	EGAN00001161807	1.1e-05	1e-05	1e-05	1e-05	0.795261	0.139869	0.064829
Banyankole	EGAN00001161837	1e-05	1e-05	1e-05	1e-05	0.852197	0.083182	0.064581
Banyankole	EGAN00001161872	1e-05	1e-05	0.020093	1e-05	0.42961	0.550258	1e-05
Banyankole	EGAN00001161873	1e-05	1e-05	0.022938	1e-05	0.350082	0.62694	1e-05
Banyarwanda	EGAN00001161887	1e-05	1e-05	1e-05	1e-05	0.994714	0.005236	1e-05
Bakiga	EGAN00001161894	1e-05	1e-05	1e-05	1e-05	0.942504	0.057446	1e-05
Banyarwanda	EGAN00001161917	1e-05	1e-05	0.025612	1e-05	0.541914	0.432434	1e-05
Banyarwanda	EGAN00001161937	1e-05	1e-05	0.000242	1e-05	0.851612	0.132732	0.015384
Barundi	EGAN00001161951	1e-05	1e-05	1e-05	1e-05	0.979344	1e-05	0.020606
Banyarwanda	EGAN00001161952	1e-05	1e-05	0.00281	1e-05	0.912068	0.085082	1e-05
Banyarwanda	EGAN00001161963	1e-05	1e-05	0.00669	1e-05	0.771844	0.221426	1e-05
Rwandese	EGAN00001161986	1e-05	1e-05	1e-05	1e-05	0.983561	0.016389	1e-05
Bakiga	EGAN00001162017	1e-05	1e-05	1e-05	1e-05	0.99994	1e-05	1e-05
Banyarwanda	EGAN00001162027	1e-05	1e-05	1e-05	1e-05	0.990848	1e-05	0.009102
Banyarwanda	EGAN00001162040	1e-05	1e-05	1e-05	1e-05	0.939766	0.060184	1e-05
Banyarwanda	EGAN00001162053	1e-05	1e-05	0.001397	1e-05	0.83375	0.164813	1e-05
Banyarwanda	EGAN00001162146	1e-05	1e-05	1e-05	1e-05	0.969289	0.030661	1e-05
Barundi	EGAN00001162158	1e-05	0.002317	0.002008	1e-05	0.814092	0.103276	0.078286
Rwandese	EGAN00001162186	1e-05	1e-05	1e-05	1e-05	0.916671	0.083279	1e-05
Banyarwanda	EGAN00001162194	1e-05	1e-05	1e-05	1e-05	0.647823	0.352127	1e-05
Banyarwanda	EGAN00001162200	1.1e-05	1e-05	2e-05	1e-05	0.599052	0.400887	1e-05
Banyarwanda	EGAN00001162204	1e-05	1e-05	1e-05	1e-05	0.805813	0.194137	1e-05
Rwandese	EGAN00001162241	1e-05	1e-05	0.009504	1e-05	0.837324	0.153132	1e-05
Banyarwanda	EGAN00001162242	1e-05	1e-05	0.000595	1e-05	0.83677	0.162596	1e-05
Rwandese	EGAN00001162274	1e-05	1e-05	0.005947	1e-05	0.898332	0.095681	1e-05
Bakiga	EGAN00001162333	1e-05	1e-05	0.014998	1e-05	0.826574	0.158388	1e-05
Banyarwanda	EGAN00001162339	1e-05	1e-05	1e-05	1e-05	0.897244	0.102706	1e-05
Rwandese	EGAN00001162399	1e-05	1e-05	1e-05	1e-05	0.924807	0.075143	1e-05
Banyankole	EGAN00001162410	1e-05	1e-05	1e-05	1e-05	0.983433	1e-05	0.016517
Banyarwanda	EGAN00001162516	1e-05	1e-05	1e-05	1e-05	0.864292	0.110843	0.024825
Banyarwanda	EGAN00001162534	1e-05	1e-05	0.009018	1e-05	0.791507	0.199435	1e-05
Rwandese	EGAN00001162541	1e-05	1e-05	0.015367	1e-05	0.713915	0.270678	1e-05
Barundi	EGAN00001162559	1.1e-05	1e-05	1e-05	1e-05	0.976529	0.014265	0.009165
Banyankole	EGAN00001162560	1e-05	1e-05	0.00925	1e-05	0.79224	0.19847	1e-05
Barundi	EGAN00001162564	1e-05	1.9e-05	1e-05	1e-05	0.844366	0.061248	0.094337
Rwandese	EGAN00001162578	1e-05	0.013151	1e-05	1e-05	0.751121	0.119184	0.116514
Banyarwanda	EGAN00001162595	1e-05	1e-05	0.023136	1e-05	0.477011	0.499813	1e-05
Banyarwanda	EGAN00001162608	1e-05	0.01792	1e-05	1e-05	0.748077	0.226395	0.007578
Banyarwanda	EGAN00001162615	1e-05	1e-05	1e-05	1e-05	0.992094	1e-05	0.007856
Barundi	EGAN00001162616	1e-05	1e-05	1e-05	1e-05	0.964726	1e-05	0.035224
Banyarwanda	EGAN00001162620	1e-05	1e-05	0.001618	1e-05	0.962639	0.035702	1e-05
Rwandese	EGAN00001162628	1e-05	1e-05	1e-05	1e-05	0.73541	0.202297	0.062253
Banyarwanda	EGAN00001162634	1e-05	1e-05	1e-05	1e-05	0.930359	0.011009	0.058592
Rwandese	EGAN00001162635	1e-05	1e-05	1e-05	1e-05	0.85202	0.14793	1e-05
Barundi	EGAN00001162636	1e-05	1e-05	1e-05	1e-05	0.99994	1e-05	1e-05
Banyarwanda	EGAN00001162650	1e-05	1.7e-05	1e-05	1e-05	0.999933	1e-05	1e-05
Banyarwanda	EGAN00001162656	1e-05	1e-05	1e-05	1e-05	0.8067	0.19325	1e-05
Banyarwanda	EGAN00001162661	1.1e-05	1e-05	0.010581	1e-05	0.857094	0.132284	1e-05
Banyarwanda	EGAN00001162674	1e-05	1e-05	1e-05	1e-05	0.930198	0.069331	0.00043
Banyarwanda	EGAN00001162678	1e-05	1.6e-05	1e-05	1e-05	0.999934	1e-05	1e-05
Banyarwanda	EGAN00001162679	1e-05	1e-05	0.005827	1e-05	0.836513	0.157619	1e-05
Banyarwanda	EGAN00001162680	1e-05	0.019094	1e-05	1e-05	0.830622	0.018091	0.132163
Bakiga	EGAN00001162681	1e-05	0.015731	1e-05	1e-05	0.836577	0.039795	0.107868
Rwandese	EGAN00001162685	1e-05	1e-05	1e-05	1e-05	0.955463	1e-05	0.044487
Rwandese	EGAN00001162689	1e-05	1e-05	0.012783	1e-05	0.962946	0.024231	1e-05
Rwandese	EGAN00001162690	1e-05	1e-05	0.008215	1e-05	0.896494	0.095251	1e-05
Barundi	EGAN00001162693	1e-05	0.009332	1e-05	1e-05	0.768438	0.09351	0.12869
Banyarwanda	EGAN00001162702	1e-05	1e-05	1e-05	1e-05	0.99994	1e-05	1e-05
Banyarwanda	EGAN00001162717	1e-05	1e-05	0.015593	1e-05	0.863537	0.12083	1e-05
Rwandese	EGAN00001162718	1e-05	1e-05	1e-05	1e-05	0.887076	0.074034	0.03885
Rwandese	EGAN00001162719	1e-05	1e-05	0.002602	1e-05	0.936511	0.060847	1e-05
Rwandese	EGAN00001162720	1e-05	1e-05	0.007633	1e-05	0.874632	0.117695	1e-05
Banyarwanda	EGAN00001162722	1e-05	1e-05	1e-05	1e-05	0.947423	1e-05	0.052527
Banyarwanda	EGAN00001162724	1e-05	1e-05	1e-05	1e-05	0.948547	0.051403	1e-05
Bakiga	EGAN00001162725	1e-05	1e-05	1e-05	1e-05	0.878959	0.120991	1e-05
Banyarwanda	EGAN00001162728	1e-05	1e-05	1e-05	1e-05	0.827404	0.130143	0.042413
Banyarwanda	EGAN00001162729	1.1e-05	1e-05	1e-05	1e-05	0.861272	0.106564	0.032123
Banyankole	EGAN00001162733	1e-05	1e-05	0.013172	1e-05	0.979395	0.007393	1e-05
Rwandese	EGAN00001162734	1e-05	1e-05	1e-05	1e-05	0.935392	0.064558	1e-05
Banyarwanda	EGAN00001162735	1e-05	1e-05	0.00261	1e-05	0.887607	0.109743	1e-05
Bakiga	EGAN00001162740	1e-05	1e-05	1e-05	1e-05	0.99994	1e-05	1e-05
Banyarwanda	EGAN00001162745	1e-05	1e-05	1e-05	1e-05	0.931843	0.068107	1e-05
Banyarwanda	EGAN00001162751	1e-05	1e-05	0.002184	1e-05	0.953705	0.044072	1e-05
Rwandese	EGAN00001162754	1e-05	1e-05	1e-05	1e-05	0.799724	0.105373	0.094862
Banyarwanda	EGAN00001162759	1e-05	1e-05	0.020901	1e-05	0.682504	0.296555	1e-05
Banyarwanda	EGAN00001162778	1e-05	1e-05	1e-05	1e-05	0.932762	0.047748	0.019451
Rwandese	EGAN00001162780	1e-05	1e-05	0.014295	1.2e-05	0.967475	0.018188	1e-05
Banyarwanda	EGAN00001162781	1e-05	1e-05	1e-05	1e-05	0.854212	0.145738	1e-05
Banyarwanda	EGAN00001162782	1e-05	1e-05	0.020294	1e-05	0.757402	0.213102	0.009171
Banyarwanda	EGAN00001162799	1.4e-05	1e-05	1e-05	1e-05	0.837648	0.162298	1e-05
Rwandese	EGAN00001162814	1e-05	1e-05	0.006421	1e-05	0.838919	0.15462	1e-05
Banyarwanda	EGAN00001162830	1e-05	1e-05	1e-05	1e-05	0.925489	0.074461	1e-05
Rwandese	EGAN00001162835	1e-05	1e-05	1e-05	1e-05	0.841051	0.158899	1e-05
Banyarwanda	EGAN00001162845	1e-05	1e-05	1e-05	1e-05	0.804403	0.154771	0.040786
Banyarwanda	EGAN00001162851	1e-05	1e-05	0.000406	1e-05	0.801365	0.19819	1e-05
Bakiga	EGAN00001162852	1e-05	1e-05	1e-05	1e-05	0.865283	0.105007	0.029669
Banyarwanda	EGAN00001162853	1e-05	1e-05	0.007547	1e-05	0.786974	0.20544	1e-05
Banyarwanda	EGAN00001162856	1.1e-05	1e-05	0.013858	1e-05	0.769827	0.147061	0.069223
Bakiga	EGAN00001162858	1e-05	1e-05	1e-05	1e-05	0.886797	0.113153	1e-05
Banyarwanda	EGAN00001162866	1e-05	1e-05	0.009386	1e-05	0.779969	0.192317	0.018297
Banyarwanda	EGAN00001162875	1e-05	1e-05	0.027352	1e-05	0.610025	0.362583	1e-05
Rwandese	EGAN00001162886	1e-05	1e-05	1e-05	1e-05	0.834095	0.058044	0.107822
Barundi	EGAN00001162890	1e-05	1e-05	1e-05	1e-05	0.983621	1e-05	0.016329
Barundi	EGAN00001162891	1e-05	1e-05	1e-05	1e-05	0.969949	0.02629	0.003721
Bakiga	EGAN00001162892	1e-05	1e-05	1e-05	1e-05	0.99994	1e-05	1e-05
Barundi	EGAN00001162894	1e-05	1e-05	1e-05	1e-05	0.99994	1e-05	1e-05
Banyarwanda	EGAN00001162902	1e-05	1e-05	0.043832	1e-05	0.482419	0.473709	1e-05
Banyarwanda	EGAN00001162923	1e-05	1e-05	1e-05	1e-05	0.841061	0.158889	1e-05
Banyarwanda	EGAN00001162925	1e-05	0.019386	1e-05	1e-05	0.809219	0.086134	0.08523
Rwandese	EGAN00001162929	1.3e-05	1e-05	0.035031	1e-05	0.584159	0.380767	1e-05
Banyarwanda	EGAN00001162936	1e-05	1e-05	1e-05	1e-05	0.880549	0.011874	0.107536
Banyarwanda	EGAN00001162967	1e-05	1e-05	1e-05	1e-05	0.823467	0.176483	1e-05
Rwandese	EGAN00001162970	1.1e-05	1e-05	1e-05	1e-05	0.999939	1e-05	1e-05
Rwandese	EGAN00001162972	1e-05	0.030403	1e-05	1e-05	0.780279	0.035208	0.15408
Barundi	EGAN00001162975	1e-05	1e-05	1e-05	1e-05	0.440195	0.559755	1e-05
Banyarwanda	EGAN00001162976	1e-05	1e-05	0.009013	1e-05	0.812952	0.177995	1e-05
Rwandese	EGAN00001162979	1e-05	1e-05	1e-05	1e-05	0.191201	0.808749	1e-05
Banyarwanda	EGAN00001162980	1e-05	1e-05	1e-05	1e-05	0.914289	1e-05	0.085661
Banyankole	EGAN00001163001	1e-05	1e-05	1e-05	1e-05	0.94616	1e-05	0.05379
Rwandese	EGAN00001163026	1e-05	1e-05	1e-05	1e-05	0.910799	0.085163	0.003998
Banyankole	EGAN00001163029	1e-05	1e-05	1e-05	1e-05	0.904645	0.012787	0.082527
Banyankole	EGAN00001163031	1e-05	1e-05	0.037115	1e-05	0.521608	0.441237	1e-05
Banyarwanda	EGAN00001163032	1e-05	1e-05	0.001146	1e-05	0.80849	0.095194	0.09514
Banyarwanda	EGAN00001163034	1e-05	1e-05	1e-05	1e-05	0.277396	0.722554	1e-05
Banyarwanda	EGAN00001163053	1e-05	1e-05	1e-05	1e-05	0.234496	0.765454	1e-05
Banyarwanda	EGAN00001163065	1e-05	1e-05	0.056346	1e-05	0.420644	0.522971	1e-05
Rwandese	EGAN00001163069	1e-05	0.010099	1e-05	1e-05	0.864798	0.057346	0.067727
Rwandese	EGAN00001163075	1e-05	1e-05	0.050512	1e-05	0.374152	0.575296	1e-05
Banyarwanda	EGAN00001163079	1e-05	1e-05	0.012906	1e-05	0.71738	0.269674	1e-05
Rwandese	EGAN00001163082	1e-05	1e-05	0.003817	1e-05	0.857841	0.11553	0.022783
Rwandese	EGAN00001163083	1e-05	1e-05	0.044279	1e-05	0.417087	0.538595	1e-05
Banyarwanda	EGAN00001163091	1e-05	1e-05	0.003992	1e-05	0.84873	0.114953	0.032295
Banyarwanda	EGAN00001163099	1e-05	1e-05	1e-05	1e-05	0.908554	0.060194	0.031211
Banyarwanda	EGAN00001163109	1e-05	1e-05	1e-05	1e-05	0.882792	0.05912	0.058049
Rwandese	EGAN00001163123	1e-05	1e-05	0.0036	1e-05	0.907878	0.088294	0.000199
Bakiga	EGAN00001163124	1e-05	0.029469	1e-05	1e-05	0.73761	0.119036	0.113855
Banyarwanda	EGAN00001163126	1e-05	1e-05	0.009574	1e-05	0.791524	0.16684	0.032032
Banyarwanda	EGAN00001163136	1e-05	1e-05	0.006357	1e-05	0.706092	0.276507	0.011014
Barundi	EGAN00001163151	1e-05	1e-05	0.008091	1e-05	0.832661	0.159208	1e-05
Rwandese	EGAN00001163154	1.1e-05	1e-05	1e-05	1e-05	0.800554	0.163114	0.036292
Banyarwanda	EGAN00001163169	1e-05	1e-05	0.024786	1e-05	0.291276	0.683898	1e-05
Banyarwanda	EGAN00001163176	1e-05	1e-05	1e-05	1e-05	0.907435	1e-05	0.092515
Banyarwanda	EGAN00001163181	1e-05	1e-05	1e-05	1e-05	0.846865	0.058765	0.09433
Banyarwanda	EGAN00001163185	1e-05	1e-05	0.003504	1e-05	0.843641	0.117829	0.034996
Rwandese	EGAN00001163189	1e-05	1e-05	0.006237	1e-05	0.816439	0.105712	0.071582
Banyarwanda	EGAN00001163199	1e-05	1e-05	1e-05	1e-05	0.845897	0.072511	0.081553
Rwandese	EGAN00001163204	1e-05	1e-05	1e-05	1e-05	0.81746	0.064385	0.118115
Banyarwanda	EGAN00001163206	1e-05	1e-05	0.017802	1e-05	0.667042	0.315117	1e-05
Banyarwanda	EGAN00001163219	1e-05	1e-05	1e-05	1e-05	0.872332	0.113055	0.014573
Banyarwanda	EGAN00001163227	1e-05	1e-05	1e-05	1e-05	0.912262	0.087688	1e-05
Banyankole	EGAN00001163244	1e-05	1e-05	1e-05	1e-05	0.893269	1e-05	0.106681
Banyankole	EGAN00001163247	1e-05	1e-05	0.016316	1e-05	0.754516	0.229128	1e-05
Banyarwanda	EGAN00001163256	1e-05	1e-05	0.01442	1e-05	0.717065	0.268475	1e-05
Banyarwanda	EGAN00001163277	1e-05	1e-05	1e-05	1e-05	0.99994	1e-05	1e-05
Banyarwanda	EGAN00001163278	1e-05	1e-05	1e-05	1e-05	0.835391	0.022566	0.142002
Banyarwanda	EGAN00001163285	1e-05	1e-05	1e-05	1e-05	0.899676	0.100274	1e-05
Rwandese	EGAN00001163289	1e-05	1e-05	0.001231	1e-05	0.834949	0.100077	0.063712
Rwandese	EGAN00001163321	1.1e-05	1e-05	1e-05	1e-05	0.832331	0.1422	0.025428
Banyarwanda	EGAN00001163334	1e-05	1e-05	1e-05	1e-05	0.895528	0.104422	1e-05
Banyankole	EGAN00001163360	1e-05	1e-05	0.019482	1e-05	0.841275	0.139203	1e-05
Rwandese	EGAN00001163374	1e-05	1e-05	1e-05	1e-05	0.970981	0.028969	1e-05
Banyarwanda	EGAN00001163394	1e-05	1e-05	1e-05	1e-05	0.817282	0.112186	0.070492
Banyarwanda	EGAN00001163395	1e-05	1e-05	1e-05	1e-05	0.874435	0.125515	1e-05
Banyankole	EGAN00001163404	1e-05	1e-05	1e-05	1e-05	0.846334	0.128456	0.025171
Rwandese	EGAN00001163436	1e-05	1e-05	0.03173	1e-05	0.513114	0.455116	1e-05
Rwandese	EGAN00001163448	1e-05	1e-05	1e-05	1e-05	0.91154	0.064413	0.024007
Banyankole	EGAN00001163453	1e-05	1e-05	1e-05	1e-05	0.916388	1e-05	0.083562
Banyarwanda	EGAN00001163470	1e-05	1e-05	1e-05	1e-05	0.809529	0.154281	0.03615
Banyarwanda	EGAN00001163487	1e-05	1e-05	0.008053	1e-05	0.842604	0.149303	1e-05
Banyankole	EGAN00001163502	1e-05	1e-05	1e-05	1e-05	0.577014	0.422936	1e-05
Banyarwanda	EGAN00001163514	1e-05	1e-05	0.012917	1e-05	0.832356	0.154687	1e-05
Banyarwanda	EGAN00001163515	1e-05	1e-05	1e-05	1e-05	0.817456	0.099564	0.08294
Banyarwanda	EGAN00001163524	1e-05	0.027678	1e-05	1e-05	0.786512	0.069479	0.1163
Banyarwanda	EGAN00001163527	1e-05	1e-05	1e-05	1e-05	0.896712	0.060126	0.043122
Banyarwanda	EGAN00001163528	1e-05	1e-05	1e-05	1e-05	0.997109	0.002841	1e-05
Banyarwanda	EGAN00001163564	1e-05	1e-05	1e-05	1e-05	0.99994	1e-05	1e-05
Banyarwanda	EGAN00001163579	1e-05	1e-05	0.001258	1e-05	0.982437	0.016265	1e-05
Barundi	EGAN00001163581	1e-05	1e-05	1e-05	1e-05	0.99994	1e-05	1e-05
Banyarwanda	EGAN00001163593	1e-05	1e-05	1.1e-05	1e-05	0.867328	0.075044	0.057588
Banyarwanda	EGAN00001163598	1e-05	1e-05	1e-05	1e-05	0.99994	1e-05	1e-05
Banyarwanda	EGAN00001163599	1e-05	1e-05	0.016017	1e-05	0.794291	0.189651	1e-05
Banyarwanda	EGAN00001163601	1e-05	1e-05	1e-05	1e-05	0.972376	1e-05	0.027574
Banyarwanda	EGAN00001163633	1e-05	1e-05	1e-05	1e-05	0.844264	0.110364	0.045332
Banyarwanda	EGAN00001163639	1e-05	1e-05	1e-05	1e-05	0.83249	0.16746	1e-05
Banyarwanda	EGAN00001163641	1e-05	1e-05	1e-05	1e-05	0.86215	0.072423	0.065387
Banyarwanda	EGAN00001163643	1e-05	1e-05	1e-05	1e-05	0.99994	1e-05	1e-05
Rwandese	EGAN00001163648	1e-05	1e-05	0.001115	1e-05	0.598307	0.400538	1e-05
Rwandese	EGAN00001163649	1e-05	1e-05	1e-05	1e-05	0.862918	0.058405	0.078637
Banyarwanda	EGAN00001163656	1e-05	1e-05	0.021677	1e-05	0.721352	0.256931	1e-05
Rwandese	EGAN00001163675	1e-05	1e-05	1e-05	1e-05	0.887633	0.112317	1e-05
Barundi	EGAN00001163681	1e-05	1e-05	1e-05	1e-05	0.99994	1e-05	1e-05
Banyarwanda	EGAN00001163682	1e-05	1e-05	1e-05	1e-05	0.99994	1e-05	1e-05
Rwandese	EGAN00001163685	1e-05	1e-05	1e-05	1e-05	0.913034	0.086916	1e-05
Bakiga	EGAN00001163696	1e-05	1e-05	1e-05	1e-05	0.89306	0.10689	1e-05
Banyarwanda	EGAN00001163724	1e-05	1e-05	0.002616	1e-05	0.963387	0.033957	1e-05
Barundi	EGAN00001163725	1e-05	1e-05	1e-05	1e-05	0.99994	1e-05	1e-05
Banyarwanda	EGAN00001163727	1e-05	1e-05	0.034192	1e-05	0.382279	0.58349	1e-05
Banyarwanda	EGAN00001163735	1.1e-05	1e-05	1e-05	1e-05	0.868771	0.098707	0.032481
Banyarwanda	EGAN00001163740	1e-05	1e-05	1e-05	1e-05	0.897242	0.102708	1e-05
Barundi	EGAN00001163741	1e-05	1e-05	1e-05	1e-05	0.855855	0.088189	0.055917
Banyarwanda	EGAN00001163743	1e-05	1e-05	0.017195	1e-05	0.644365	0.3384	1e-05
Banyarwanda	EGAN00001163744	1e-05	0.016367	1e-05	1e-05	0.865412	1e-05	0.118181
Banyankole	EGAN00001163745	1e-05	1e-05	1e-05	1e-05	0.916261	0.048011	0.035688
Banyarwanda	EGAN00001163774	1e-05	1e-05	1e-05	1e-05	0.99994	1e-05	1e-05
Bakiga	EGAN00001163799	1e-05	1e-05	0.012494	1e-05	0.987456	1e-05	1e-05
Banyarwanda	EGAN00001163818	1e-05	0.00044	1e-05	1e-05	0.799701	0.118105	0.081724
Banyarwanda	EGAN00001163821	1e-05	1e-05	1e-05	1e-05	0.78004	0.21991	1e-05
Banyankole	EGAN00001163836	1e-05	1e-05	1e-05	1e-05	0.886769	0.110498	0.002693
Banyarwanda	EGAN00001163841	1e-05	1e-05	1e-05	1e-05	0.96694	0.03301	1e-05
Banyarwanda	EGAN00001163847	1e-05	1e-05	0.026528	1e-05	0.681448	0.291984	1e-05
Banyarwanda	EGAN00001163850	1e-05	1e-05	1e-05	1e-05	0.880975	1e-05	0.118975
Banyarwanda	EGAN00001163856	1e-05	1e-05	1e-05	1e-05	0.996928	1e-05	0.003022
Banyarwanda	EGAN00001163862	1e-05	1e-05	0.00363	1e-05	0.768174	0.228156	1e-05
Barundi	EGAN00001163865	1e-05	1e-05	0.006581	1e-05	0.848564	0.144815	1e-05
Banyankole	EGAN00001163871	1e-05	1e-05	0.014049	1e-05	0.81292	0.172991	1e-05
Banyarwanda	EGAN00001163884	1.1e-05	1e-05	1e-05	1e-05	0.809774	0.190175	1e-05
Barundi	EGAN00001163889	1e-05	1e-05	1e-05	1e-05	0.890042	0.008921	0.100997
Banyarwanda	EGAN00001163890	1e-05	1e-05	1e-05	1e-05	0.99994	1e-05	1e-05
Banyarwanda	EGAN00001163893	1e-05	1e-05	1e-05	1e-05	0.968298	0.019881	0.011781
Rwandese	EGAN00001163894	1e-05	1e-05	0.014949	1e-05	0.652929	0.332082	1e-05
Banyarwanda	EGAN00001163901	1.1e-05	1e-05	1e-05	1e-05	0.842936	0.103516	0.053507
Banyankole	EGAN00001163906	1e-05	1e-05	0.01442	1e-05	0.754309	0.229865	0.001375
Barundi	EGAN00001163932	1e-05	1e-05	1e-05	1e-05	0.99994	1e-05	1e-05
Rwandese	EGAN00001163946	1e-05	1e-05	0.01284	1e-05	0.805316	0.137979	0.043836
Rwandese	EGAN00001163963	1e-05	1e-05	1e-05	1e-05	0.9099	0.08016	0.0099
Banyarwanda	EGAN00001163991	1e-05	0.029919	1e-05	1e-05	0.709701	0.096205	0.164145
Banyarwanda	EGAN00001164023	1e-05	1e-05	0.007997	1e-05	0.798983	0.126639	0.066351
Barundi	EGAN00001164039	1e-05	1e-05	1e-05	1e-05	0.919208	0.029118	0.051635
Bakiga	EGAN00001164059	1e-05	1e-05	1e-05	1e-05	0.847528	0.076718	0.075715
Rwandese	EGAN00001164098	1e-05	1e-05	0.020376	1e-05	0.762343	0.217241	1e-05
Barundi	EGAN00001164122	1e-05	1e-05	1e-05	1e-05	0.855624	0.107665	0.036672
Rwandese	EGAN00001164131	1e-05	1e-05	1e-05	1e-05	0.986942	1e-05	0.013008
Banyarwanda	EGAN00001164142	1.1e-05	1e-05	0.001299	1e-05	0.831283	0.093435	0.073951
Banyankole	EGAN00001164163	1e-05	1e-05	1e-05	1e-05	0.824359	0.108287	0.067314
Bakiga	EGAN00001164169	1e-05	1e-05	0.025418	1e-05	0.547873	0.426669	1e-05
Rwandese	EGAN00001164186	1e-05	1e-05	1e-05	1e-05	0.556542	0.443408	1e-05
Barundi	EGAN00001164194	1e-05	1e-05	0.002289	1e-05	0.997661	1e-05	1e-05
Banyankole	EGAN00001164231	1e-05	1e-05	1e-05	1e-05	0.99994	1e-05	1e-05
Banyarwanda	EGAN00001164238	1e-05	1e-05	1e-05	1e-05	0.910447	0.089503	1e-05
Banyarwanda	EGAN00001164274	1e-05	1e-05	1e-05	1e-05	0.908123	1e-05	0.091827
Banyarwanda	EGAN00001164296	1e-05	1e-05	0.000756	1e-05	0.816187	0.135658	0.047369
Bakiga	EGAN00001164342	1e-05	1e-05	1e-05	1e-05	0.99994	1e-05	1e-05
Bakiga	EGAN00001164344	1e-05	1e-05	1e-05	1.6e-05	0.999934	1e-05	1e-05
Rwandese	EGAN00001164354	1e-05	1e-05	1e-05	1e-05	0.99994	1e-05	1e-05
Banyarwanda	EGAN00001164355	1.1e-05	1e-05	0.024751	1e-05	0.51527	0.459937	1e-05
Banyarwanda	EGAN00001164357	1e-05	1e-05	1e-05	1e-05	0.934746	0.019583	0.045631
Banyarwanda	EGAN00001164360	1e-05	1e-05	1e-05	1e-05	0.974742	0.025208	1e-05
Bakiga	EGAN00001164365	1e-05	1e-05	0.042935	1e-05	0.401595	0.55543	1e-05
Bakiga	EGAN00001164366	1.1e-05	1e-05	0.021134	1e-05	0.763094	0.215731	1e-05
Barundi	EGAN00001164367	1e-05	1e-05	1e-05	1e-05	0.698709	0.301241	1e-05
Banyarwanda	EGAN00001164374	1e-05	1e-05	1e-05	1e-05	0.99994	1e-05	1e-05
Banyarwanda	EGAN00001164375	1e-05	1e-05	1e-05	1e-05	0.633929	0.366021	1e-05
