Amhara EGAN00001044421	0.000010 0.000010 0.362796 0.000010 0.000010 0.637154 0.000010
Amhara EGAN00001044423	0.000010 0.000010 0.330296 0.000010 0.000010 0.669654 0.000010
Amhara EGAN00001044424	0.000010 0.000010 0.341675 0.000010 0.000010 0.658275 0.000010
Amhara EGAN00001044425	0.000010 0.000010 0.343033 0.000010 0.000010 0.656917 0.000010
Amhara EGAN00001044426	0.000010 0.000010 0.363111 0.000010 0.000010 0.636839 0.000010
Amhara EGAN00001044427	0.000010 0.000010 0.340839 0.000010 0.000010 0.659111 0.000010
Amhara EGAN00001044428	0.000010 0.000010 0.306485 0.000010 0.000010 0.693465 0.000010
Amhara EGAN00001044429	0.000010 0.000010 0.363413 0.000010 0.000010 0.636537 0.000010
Amhara EGAN00001044430	0.000010 0.000010 0.322828 0.000010 0.000010 0.677122 0.000010
Amhara EGAN00001044431	0.000010 0.000010 0.369859 0.000010 0.000010 0.630091 0.000010
Amhara EGAN00001044432	0.000010 0.000010 0.311604 0.000010 0.000010 0.688346 0.000010
Amhara EGAN00001044433	0.000010 0.000010 0.334214 0.000010 0.000010 0.665736 0.000010
Amhara EGAN00001044434	0.000010 0.000010 0.367073 0.000010 0.000010 0.632877 0.000010
Amhara EGAN00001044435	0.000010 0.000010 0.355240 0.000010 0.000010 0.644710 0.000010
Amhara EGAN00001044436	0.000010 0.000010 0.359671 0.000010 0.000010 0.640279 0.000010
Amhara EGAN00001044437	0.000010 0.000010 0.351185 0.000010 0.000010 0.648765 0.000010
Amhara EGAN00001044438	0.000010 0.000010 0.318056 0.000010 0.000010 0.681894 0.000010
Amhara EGAN00001044439	0.000010 0.000010 0.331645 0.000010 0.000010 0.668305 0.000010
Amhara EGAN00001044440	0.000010 0.000010 0.345712 0.000010 0.000010 0.654238 0.000010
Amhara EGAN00001044441	0.000010 0.000010 0.375576 0.000010 0.000010 0.624374 0.000010
Amhara EGAN00001044442	0.000010 0.000010 0.377221 0.000010 0.000010 0.622729 0.000010
Amhara EGAN00001044443	0.000010 0.000010 0.305781 0.000010 0.000010 0.694169 0.000010
Gumuz EGAN00001044445	0.000010 0.000010 0.000010 0.000010 0.000010 0.999940 0.000010
Gumuz EGAN00001044446	0.000010 0.000010 0.000010 0.000010 0.000010 0.999940 0.000010
Gumuz EGAN00001044447	0.000010 0.000010 0.000010 0.000010 0.000010 0.999940 0.000010
Gumuz EGAN00001044448	0.000010 0.000010 0.000010 0.000010 0.000010 0.999940 0.000010
Gumuz EGAN00001044449	0.000010 0.000010 0.000010 0.000010 0.000010 0.999940 0.000010
Gumuz EGAN00001044450	0.000010 0.000010 0.000010 0.000010 0.000010 0.999940 0.000010
Gumuz EGAN00001044451	0.000010 0.000010 0.000010 0.000010 0.000010 0.999940 0.000010
Gumuz EGAN00001044452	0.000010 0.000010 0.000010 0.000010 0.000010 0.999940 0.000010
Gumuz EGAN00001044453	0.000010 0.000010 0.000010 0.000010 0.000010 0.999940 0.000010
Gumuz EGAN00001044454	0.000010 0.000010 0.000010 0.000010 0.000010 0.999940 0.000010
Gumuz EGAN00001044455	0.000010 0.000010 0.000010 0.000010 0.000010 0.999940 0.000010
Gumuz EGAN00001044456	0.000010 0.000010 0.000010 0.000010 0.000010 0.999940 0.000010
Gumuz EGAN00001044457	0.000010 0.000010 0.000010 0.000010 0.000010 0.999940 0.000010
Gumuz EGAN00001044459	0.000010 0.000010 0.000010 0.000010 0.000010 0.999940 0.000010
Gumuz EGAN00001044460	0.000010 0.000010 0.000010 0.000010 0.000010 0.999940 0.000010
Gumuz EGAN00001044461	0.000010 0.000010 0.000010 0.000010 0.000010 0.999940 0.000010
Gumuz EGAN00001044462	0.000010 0.000010 0.000010 0.000010 0.000010 0.999940 0.000010
Gumuz EGAN00001044463	0.000010 0.000010 0.000010 0.000010 0.000010 0.999940 0.000010
Gumuz EGAN00001044464	0.000010 0.000010 0.000010 0.000010 0.000010 0.999940 0.000010
Gumuz EGAN00001044465	0.000010 0.000010 0.000010 0.000010 0.000010 0.999940 0.000010
Gumuz EGAN00001044466	0.000010 0.000010 0.000010 0.000010 0.000010 0.999940 0.000010
Gumuz EGAN00001044467	0.000010 0.000010 0.000010 0.000010 0.000010 0.999940 0.000010
Gumuz EGAN00001044468	0.000010 0.000010 0.000010 0.000010 0.000010 0.999940 0.000010
Zulu EGAN00001068937	0.000010 0.999940 0.000010 0.000010 0.000010 0.000010 0.000010
Zulu EGAN00001068938	0.000010 0.999940 0.000010 0.000010 0.000010 0.000010 0.000010
Zulu EGAN00001068943	0.000010 0.999940 0.000010 0.000010 0.000010 0.000010 0.000010
Zulu EGAN00001068947	0.000010 0.999940 0.000010 0.000010 0.000010 0.000010 0.000010
Zulu EGAN00001068950	0.000010 0.999937 0.000010 0.000013 0.000010 0.000010 0.000010
Zulu EGAN00001068954	0.000010 0.999940 0.000010 0.000010 0.000010 0.000010 0.000010
Zulu EGAN00001068957	0.000010 0.999939 0.000010 0.000010 0.000010 0.000011 0.000010
Zulu EGAN00001068959	0.000010 0.999940 0.000010 0.000010 0.000010 0.000010 0.000010
Zulu EGAN00001068962	0.000010 0.999940 0.000010 0.000010 0.000010 0.000010 0.000010
Zulu EGAN00001068963	0.000010 0.999940 0.000010 0.000010 0.000010 0.000010 0.000010
Zulu EGAN00001068964	0.000010 0.999940 0.000010 0.000010 0.000010 0.000010 0.000010
Zulu EGAN00001068965	0.000010 0.999940 0.000010 0.000010 0.000010 0.000010 0.000010
Zulu EGAN00001068966	0.000010 0.999940 0.000010 0.000010 0.000010 0.000010 0.000010
Zulu EGAN00001068967	0.000010 0.999940 0.000010 0.000010 0.000010 0.000010 0.000010
Zulu EGAN00001068968	0.000010 0.999940 0.000010 0.000010 0.000010 0.000010 0.000010
Zulu EGAN00001068969	0.000010 0.999940 0.000010 0.000010 0.000010 0.000010 0.000010
Zulu EGAN00001068970	0.000010 0.999940 0.000010 0.000010 0.000010 0.000010 0.000010
Zulu EGAN00001068971	0.000010 0.999940 0.000010 0.000010 0.000010 0.000010 0.000010
Zulu EGAN00001068972	0.000010 0.999940 0.000010 0.000010 0.000010 0.000010 0.000010
Zulu EGAN00001068973	0.000010 0.999937 0.000010 0.000013 0.000010 0.000010 0.000010
Zulu EGAN00001068974	0.000010 0.999940 0.000010 0.000010 0.000010 0.000010 0.000010
Zulu EGAN00001068975	0.000010 0.996330 0.000010 0.000010 0.000010 0.000010 0.003620
Zulu EGAN00001069124	0.000010 0.999940 0.000010 0.000010 0.000010 0.000010 0.000010
Zulu EGAN00001069125	0.000010 0.999940 0.000010 0.000010 0.000010 0.000010 0.000010
Zulu EGAN00001069126	0.000010 0.999940 0.000010 0.000010 0.000010 0.000010 0.000010
Zulu EGAN00001069127	0.000010 0.999940 0.000010 0.000010 0.000010 0.000010 0.000010
Zulu EGAN00001069128	0.000010 0.999940 0.000010 0.000010 0.000010 0.000010 0.000010
Zulu EGAN00001069129	0.000010 0.999940 0.000010 0.000010 0.000010 0.000010 0.000010
Zulu EGAN00001069130	0.000010 0.999940 0.000010 0.000010 0.000010 0.000010 0.000010
Zulu EGAN00001069131	0.000010 0.999940 0.000010 0.000010 0.000010 0.000010 0.000010
Zulu EGAN00001069132	0.000010 0.999935 0.000010 0.000011 0.000010 0.000015 0.000010
Zulu EGAN00001069133	0.000010 0.999940 0.000010 0.000010 0.000010 0.000010 0.000010
Zulu EGAN00001069134	0.000010 0.999940 0.000010 0.000010 0.000010 0.000010 0.000010
Zulu EGAN00001069135	0.000010 0.999940 0.000010 0.000010 0.000010 0.000010 0.000010
Zulu EGAN00001069136	0.000010 0.999940 0.000010 0.000010 0.000010 0.000010 0.000010
Zulu EGAN00001069137	0.000010 0.999928 0.000010 0.000016 0.000016 0.000010 0.000010
Zulu EGAN00001069138	0.000010 0.999940 0.000010 0.000010 0.000010 0.000010 0.000010
Zulu EGAN00001069139	0.000010 0.999940 0.000010 0.000010 0.000010 0.000010 0.000010
Zulu EGAN00001069140	0.000010 0.999940 0.000010 0.000010 0.000010 0.000010 0.000010
Zulu EGAN00001069141	0.000010 0.828154 0.171796 0.000010 0.000010 0.000010 0.000010
Zulu EGAN00001069142	0.000010 0.963500 0.000010 0.036450 0.000010 0.000010 0.000010
Zulu EGAN00001069143	0.000010 0.999940 0.000010 0.000010 0.000010 0.000010 0.000010
Zulu EGAN00001069144	0.000010 0.999940 0.000010 0.000010 0.000010 0.000010 0.000010
Zulu EGAN00001069145	0.000010 0.999940 0.000010 0.000010 0.000010 0.000010 0.000010
Zulu EGAN00001069146	0.000010 0.999940 0.000010 0.000010 0.000010 0.000010 0.000010
Zulu EGAN00001069147	0.000010 0.999940 0.000010 0.000010 0.000010 0.000010 0.000010
Zulu EGAN00001069148	0.000010 0.999940 0.000010 0.000010 0.000010 0.000010 0.000010
Zulu EGAN00001069149	0.000010 0.999940 0.000010 0.000010 0.000010 0.000010 0.000010
Zulu EGAN00001069150	0.000010 0.999940 0.000010 0.000010 0.000010 0.000010 0.000010
Zulu EGAN00001069151	0.000010 0.999940 0.000010 0.000010 0.000010 0.000010 0.000010
Zulu EGAN00001069152	0.000010 0.991458 0.000010 0.008489 0.000010 0.000013 0.000010
Zulu EGAN00001069153	0.000010 0.999940 0.000010 0.000010 0.000010 0.000010 0.000010
Zulu EGAN00001069154	0.000010 0.999940 0.000010 0.000010 0.000010 0.000010 0.000010
Zulu EGAN00001069155	0.000010 0.999939 0.000010 0.000010 0.000010 0.000011 0.000010
Zulu EGAN00001069156	0.000010 0.999940 0.000010 0.000010 0.000010 0.000010 0.000010
Zulu EGAN00001069157	0.000010 0.999925 0.000010 0.000018 0.000017 0.000010 0.000010
Zulu EGAN00001069158	0.000010 0.999934 0.000010 0.000016 0.000010 0.000010 0.000010
Zulu EGAN00001069159	0.000010 0.999940 0.000010 0.000010 0.000010 0.000010 0.000010
Zulu EGAN00001069160	0.000010 0.999940 0.000010 0.000010 0.000010 0.000010 0.000010
Zulu EGAN00001069161	0.000010 0.999940 0.000010 0.000010 0.000010 0.000010 0.000010
Zulu EGAN00001069162	0.000010 0.999940 0.000010 0.000010 0.000010 0.000010 0.000010
Zulu EGAN00001069163	0.000010 0.999940 0.000010 0.000010 0.000010 0.000010 0.000010
Zulu EGAN00001069164	0.000010 0.999940 0.000010 0.000010 0.000010 0.000010 0.000010
Zulu EGAN00001069165	0.000010 0.999940 0.000010 0.000010 0.000010 0.000010 0.000010
Zulu EGAN00001069166	0.000010 0.999939 0.000010 0.000010 0.000010 0.000011 0.000010
Zulu EGAN00001069168	0.000010 0.999940 0.000010 0.000010 0.000010 0.000010 0.000010
Zulu EGAN00001069169	0.000010 0.999940 0.000010 0.000010 0.000010 0.000010 0.000010
Zulu EGAN00001069170	0.000010 0.999937 0.000010 0.000013 0.000010 0.000010 0.000010
Zulu EGAN00001069171	0.000010 0.999939 0.000010 0.000010 0.000011 0.000010 0.000010
Zulu EGAN00001069172	0.000010 0.999940 0.000010 0.000010 0.000010 0.000010 0.000010
Zulu EGAN00001069173	0.000010 0.999940 0.000010 0.000010 0.000010 0.000010 0.000010
Zulu EGAN00001069174	0.000010 0.999940 0.000010 0.000010 0.000010 0.000010 0.000010
Zulu EGAN00001069175	0.000010 0.999940 0.000010 0.000010 0.000010 0.000010 0.000010
Zulu EGAN00001069176	0.000010 0.999940 0.000010 0.000010 0.000010 0.000010 0.000010
Zulu EGAN00001069177	0.000010 0.999940 0.000010 0.000010 0.000010 0.000010 0.000010
Zulu EGAN00001069178	0.000010 0.999940 0.000010 0.000010 0.000010 0.000010 0.000010
Zulu EGAN00001069179	0.000010 0.999940 0.000010 0.000010 0.000010 0.000010 0.000010
Zulu EGAN00001069180	0.000010 0.999940 0.000010 0.000010 0.000010 0.000010 0.000010
Zulu EGAN00001069181	0.000010 0.999940 0.000010 0.000010 0.000010 0.000010 0.000010
Zulu EGAN00001069182	0.000010 0.999940 0.000010 0.000010 0.000010 0.000010 0.000010
Zulu EGAN00001069183	0.000010 0.999940 0.000010 0.000010 0.000010 0.000010 0.000010
Zulu EGAN00001069184	0.000010 0.999940 0.000010 0.000010 0.000010 0.000010 0.000010
Zulu EGAN00001069185	0.000010 0.999939 0.000010 0.000010 0.000011 0.000010 0.000010
Zulu EGAN00001069186	0.000010 0.999940 0.000010 0.000010 0.000010 0.000010 0.000010
Zulu EGAN00001069187	0.000010 0.999940 0.000010 0.000010 0.000010 0.000010 0.000010
Zulu EGAN00001069188	0.000010 0.999940 0.000010 0.000010 0.000010 0.000010 0.000010
Zulu EGAN00001069189	0.014268 0.975687 0.008034 0.001981 0.000010 0.000010 0.000010
Zulu EGAN00001069190	0.000010 0.999940 0.000010 0.000010 0.000010 0.000010 0.000010
Zulu EGAN00001069193	0.000010 0.999940 0.000010 0.000010 0.000010 0.000010 0.000010
Zulu EGAN00001069194	0.000010 0.999940 0.000010 0.000010 0.000010 0.000010 0.000010
Zulu EGAN00001069195	0.000010 0.999940 0.000010 0.000010 0.000010 0.000010 0.000010
Zulu EGAN00001069196	0.000010 0.999940 0.000010 0.000010 0.000010 0.000010 0.000010
Zulu EGAN00001069197	0.000010 0.999940 0.000010 0.000010 0.000010 0.000010 0.000010
Zulu EGAN00001069198	0.000010 0.999940 0.000010 0.000010 0.000010 0.000010 0.000010
Zulu EGAN00001069199	0.000010 0.999940 0.000010 0.000010 0.000010 0.000010 0.000010
Zulu EGAN00001069200	0.000010 0.999940 0.000010 0.000010 0.000010 0.000010 0.000010
Zulu EGAN00001069201	0.000010 0.999940 0.000010 0.000010 0.000010 0.000010 0.000010
Zulu EGAN00001069202	0.000010 0.999940 0.000010 0.000010 0.000010 0.000010 0.000010
Oromo EGAN00001071672	0.000010 0.000010 0.276550 0.000010 0.000010 0.723400 0.000010
Oromo EGAN00001071678	0.000010 0.000010 0.317907 0.000010 0.000010 0.682043 0.000010
Oromo EGAN00001071679	0.000010 0.000010 0.307873 0.000010 0.000010 0.692077 0.000010
Oromo EGAN00001071689	0.000010 0.000010 0.264964 0.000010 0.000010 0.734986 0.000010
Oromo EGAN00001071690	0.000010 0.000010 0.280796 0.000010 0.000010 0.719154 0.000010
Oromo EGAN00001071702	0.000010 0.000010 0.311849 0.000010 0.000010 0.688101 0.000010
Oromo EGAN00001071703	0.000010 0.000010 0.327968 0.000010 0.000010 0.671982 0.000010
Somali EGAN00001071705	0.000010 0.000010 0.182124 0.000010 0.000010 0.817826 0.000010
Oromo EGAN00001071714	0.000010 0.000010 0.310878 0.000010 0.000010 0.689072 0.000010
Oromo EGAN00001071715	0.000010 0.000010 0.283567 0.000010 0.000010 0.716383 0.000010
Somali EGAN00001071717	0.000010 0.000010 0.155257 0.000010 0.000010 0.844693 0.000010
Oromo EGAN00001071721	0.000010 0.000010 0.292944 0.000010 0.000010 0.707006 0.000010
Oromo EGAN00001071722	0.000010 0.000010 0.283816 0.000010 0.000010 0.716134 0.000010
Oromo EGAN00001071723	0.000010 0.000010 0.288296 0.000010 0.000010 0.711654 0.000010
Oromo EGAN00001071735	0.000010 0.000010 0.278107 0.000010 0.000010 0.721843 0.000010
Oromo EGAN00001071736	0.000010 0.000010 0.289989 0.000010 0.000010 0.709961 0.000010
Somali EGAN00001071737	0.000010 0.000010 0.188889 0.000010 0.000010 0.811061 0.000010
Oromo EGAN00001071746	0.000010 0.000010 0.331865 0.000010 0.000010 0.668085 0.000010
Oromo EGAN00001071747	0.000010 0.000010 0.185370 0.000010 0.000010 0.814580 0.000010
Somali EGAN00001071752	0.000010 0.000010 0.182996 0.000010 0.000010 0.816954 0.000010
Oromo EGAN00001071759	0.000010 0.000010 0.256538 0.000010 0.000010 0.743412 0.000010
Oromo EGAN00001071760	0.000010 0.000010 0.219307 0.000010 0.000010 0.780643 0.000010
Somali EGAN00001071762	0.000010 0.000010 0.168973 0.000010 0.000010 0.830977 0.000010
Oromo EGAN00001071768	0.000010 0.000010 0.344286 0.000010 0.000010 0.655664 0.000010
Oromo EGAN00001071770	0.000010 0.000010 0.347077 0.000010 0.000010 0.652873 0.000010
Somali EGAN00001071771	0.006095 0.000010 0.307005 0.000010 0.000010 0.629231 0.057639
Somali EGAN00001071772	0.000010 0.000010 0.198658 0.000010 0.000010 0.801292 0.000010
Oromo EGAN00001071778	0.000010 0.000010 0.264522 0.000010 0.000010 0.735428 0.000010
Somali EGAN00001071782	0.000010 0.000010 0.190468 0.000010 0.000010 0.809482 0.000010
Somali EGAN00001071784	0.000010 0.000010 0.174474 0.000010 0.000010 0.825476 0.000010
Oromo EGAN00001071792	0.000010 0.000010 0.320136 0.000010 0.000010 0.679814 0.000010
Somali EGAN00001071794	0.000010 0.000010 0.198599 0.000010 0.000010 0.801351 0.000010
Somali EGAN00001071795	0.000010 0.000010 0.168587 0.000010 0.000010 0.831363 0.000010
Oromo EGAN00001071805	0.000010 0.000010 0.335248 0.000010 0.000010 0.664702 0.000010
Oromo EGAN00001071806	0.000010 0.000010 0.341148 0.000010 0.000010 0.658802 0.000010
Somali EGAN00001071807	0.000010 0.000010 0.177583 0.000010 0.000010 0.822367 0.000010
Somali EGAN00001071808	0.000010 0.000010 0.177307 0.000010 0.000010 0.822643 0.000010
Somali EGAN00001071816	0.000010 0.000010 0.147165 0.000010 0.000010 0.852785 0.000010
Somali EGAN00001071818	0.000010 0.000010 0.142805 0.000010 0.000010 0.810255 0.046900
Somali EGAN00001071819	0.000010 0.000010 0.156442 0.000010 0.000010 0.843508 0.000010
Somali EGAN00001071820	0.000010 0.000010 0.181326 0.000010 0.000010 0.818624 0.000010
Somali EGAN00001071821	0.000010 0.000010 0.155858 0.000010 0.000010 0.844092 0.000010
Somali EGAN00001071822	0.000010 0.000010 0.175315 0.000010 0.000010 0.824635 0.000010
Somali EGAN00001071823	0.000010 0.000010 0.188198 0.000010 0.000010 0.811752 0.000010
Somali EGAN00001071824	0.000010 0.000010 0.161161 0.000010 0.000010 0.838789 0.000010
Somali EGAN00001071825	0.000010 0.000010 0.189302 0.000010 0.000010 0.810648 0.000010
Somali EGAN00001071826	0.000010 0.000010 0.171369 0.000010 0.000010 0.828581 0.000010
Wolayta EGAN00001071827	0.000010 0.000010 0.200895 0.000010 0.000010 0.799055 0.000010
Wolayta EGAN00001071828	0.000010 0.000010 0.196896 0.000010 0.000010 0.803054 0.000010
Wolayta EGAN00001071829	0.000010 0.000010 0.215376 0.000010 0.000010 0.784574 0.000010
Wolayta EGAN00001071830	0.000010 0.000010 0.162280 0.000010 0.000010 0.837670 0.000010
Wolayta EGAN00001071831	0.000010 0.000010 0.142834 0.000010 0.000010 0.857116 0.000010
Wolayta EGAN00001071832	0.000010 0.000010 0.220358 0.000010 0.000010 0.779592 0.000010
Wolayta EGAN00001071833	0.000010 0.000010 0.207659 0.000010 0.000010 0.792291 0.000010
Wolayta EGAN00001071834	0.000010 0.000010 0.125427 0.000010 0.000010 0.874523 0.000010
Wolayta EGAN00001071835	0.000010 0.000010 0.248662 0.000010 0.000010 0.751288 0.000010
Wolayta EGAN00001071836	0.000010 0.000010 0.170520 0.000010 0.000010 0.829430 0.000010
Wolayta EGAN00001071837	0.000010 0.000010 0.225461 0.000010 0.000010 0.774489 0.000010
Wolayta EGAN00001071838	0.000010 0.000010 0.160601 0.000010 0.000010 0.839349 0.000010
Wolayta EGAN00001071839	0.000010 0.000010 0.151220 0.000010 0.000010 0.848730 0.000010
Wolayta EGAN00001071840	0.000010 0.000010 0.195184 0.000010 0.000010 0.804766 0.000010
Wolayta EGAN00001071841	0.000010 0.000010 0.200817 0.000010 0.000010 0.799133 0.000010
Wolayta EGAN00001071842	0.000010 0.000010 0.203603 0.000010 0.000010 0.796347 0.000010
Wolayta EGAN00001071843	0.000010 0.000010 0.225676 0.000010 0.000010 0.774274 0.000010
Wolayta EGAN00001071844	0.000010 0.000010 0.274441 0.000010 0.000010 0.725509 0.000010
Wolayta EGAN00001071845	0.000010 0.000010 0.156383 0.000010 0.000010 0.843567 0.000010
Wolayta EGAN00001071846	0.000010 0.000010 0.185384 0.000010 0.000010 0.814566 0.000010
Wolayta EGAN00001071847	0.000010 0.000010 0.217892 0.000010 0.000010 0.782058 0.000010
Wolayta EGAN00001071848	0.000010 0.000010 0.142079 0.000010 0.000010 0.857871 0.000010
Wolayta EGAN00001071849	0.000010 0.000010 0.215988 0.000010 0.000010 0.783962 0.000010
Wolayta EGAN00001071850	0.000010 0.000010 0.208026 0.000010 0.000010 0.791924 0.000010
Egyptians EGAN00001101667	0.000010 0.000010 0.814184 0.000010 0.000010 0.157470 0.028306
Egyptians EGAN00001101668	0.000010 0.000010 0.785936 0.000010 0.000010 0.181954 0.032070
Egyptians EGAN00001101676	0.000010 0.000010 0.741239 0.000010 0.000010 0.200541 0.058179
Egyptians EGAN00001101678	0.000010 0.000010 0.765084 0.000010 0.000010 0.183446 0.051431
Egyptians EGAN00001101679	0.000013 0.000010 0.754955 0.000010 0.000010 0.199031 0.045971
Egyptians EGAN00001101687	0.000010 0.000010 0.832804 0.000010 0.000010 0.167146 0.000010
Egyptians EGAN00001101688	0.000010 0.000010 0.782709 0.000010 0.000010 0.179919 0.037332
Egyptians EGAN00001101689	0.000010 0.000010 0.785302 0.000010 0.000010 0.191205 0.023453
Egyptians EGAN00001101711	0.000010 0.000010 0.762521 0.000010 0.000010 0.186872 0.050566
Egyptians EGAN00001101716	0.000010 0.000010 0.780053 0.000010 0.000010 0.179201 0.040706
Egyptians EGAN00001101736	0.000010 0.000010 0.738083 0.000010 0.000010 0.237547 0.024330
Egyptians EGAN00001101737	0.000010 0.000010 0.792000 0.000010 0.000010 0.176978 0.030982
Egyptians EGAN00001101754	0.000010 0.000010 0.778170 0.000010 0.000010 0.164921 0.056869
Egyptians EGAN00001101755	0.000010 0.000010 0.758680 0.000010 0.000010 0.194992 0.046288
Egyptians EGAN00001101767	0.000010 0.000010 0.805106 0.000010 0.000010 0.158992 0.035862
Egyptians EGAN00001101774	0.000010 0.000010 0.775526 0.000010 0.000010 0.179843 0.044591
Egyptians EGAN00001101776	0.000016 0.000010 0.981039 0.000010 0.000010 0.018905 0.000010
Egyptians EGAN00001101780	0.000010 0.000010 0.788899 0.000010 0.000010 0.174394 0.036667
Egyptians EGAN00001101781	0.000010 0.000010 0.759420 0.000010 0.000010 0.202127 0.038413
Egyptians EGAN00001101787	0.000010 0.000010 0.774405 0.000010 0.000010 0.174701 0.050854
Egyptians EGAN00001101788	0.000010 0.000010 0.767517 0.000010 0.000010 0.182485 0.049957
Egyptians EGAN00001101792	0.000010 0.000010 0.777630 0.000010 0.000010 0.173832 0.048498
Egyptians EGAN00001101793	0.000010 0.000010 0.606684 0.000010 0.000010 0.273289 0.119987
Egyptians EGAN00001101799	0.000010 0.000010 0.756161 0.000010 0.000010 0.197666 0.046133
Egyptians EGAN00001101801	0.000010 0.000010 0.839316 0.000010 0.000010 0.160634 0.000010
Egyptians EGAN00001101802	0.000010 0.000010 0.806896 0.000010 0.000010 0.160048 0.033016
Egyptians EGAN00001101803	0.000010 0.000010 0.739099 0.000010 0.000010 0.194421 0.066440
Egyptians EGAN00001101809	0.000010 0.000010 0.778512 0.000010 0.000010 0.182410 0.039039
Egyptians EGAN00001101813	0.000010 0.027248 0.699380 0.000010 0.028867 0.194576 0.049909
Egyptians EGAN00001101814	0.000019 0.000010 0.789077 0.000010 0.000010 0.163923 0.046950
Egyptians EGAN00001101823	0.000010 0.000010 0.746037 0.000010 0.000010 0.199552 0.054371
Egyptians EGAN00001101824	0.000010 0.000010 0.781175 0.000010 0.000010 0.170054 0.048731
Egyptians EGAN00001101825	0.000010 0.000010 0.803212 0.000010 0.000010 0.178289 0.018459
Egyptians EGAN00001101831	0.000010 0.000010 0.750552 0.000010 0.000010 0.199628 0.049779
Banyarwanda EGAN00001160546	0.000010 0.000010 0.053674 0.000010 0.379242 0.567044 0.000010
Banyarwanda EGAN00001160554	0.000010 0.000010 0.000010 0.000010 0.734370 0.261415 0.004175
Banyarwanda EGAN00001160564	0.000014 0.000969 0.000010 0.000010 0.879057 0.000010 0.119930
Barundi EGAN00001160574	0.000010 0.000010 0.000010 0.000010 0.824266 0.105121 0.070574
Banyarwanda EGAN00001160575	0.000010 0.000010 0.000010 0.000010 0.823260 0.137581 0.039119
Banyarwanda EGAN00001160622	0.000010 0.000010 0.000010 0.000010 0.896155 0.010643 0.093162
RwandeseUgandan EGAN00001160655	0.000010 0.000010 0.025496 0.000010 0.627848 0.346615 0.000010
Banyarwanda EGAN00001160693	0.000010 0.000010 0.010147 0.000010 0.784585 0.205228 0.000010
Banyarwanda EGAN00001160714	0.000010 0.000010 0.002453 0.000010 0.965892 0.028647 0.002979
RwandeseUgandan EGAN00001160799	0.000010 0.000010 0.014198 0.000010 0.656852 0.328910 0.000010
Banyarwanda EGAN00001160819	0.000010 0.000010 0.006189 0.000010 0.813819 0.179952 0.000010
Banyarwanda EGAN00001160820	0.000010 0.000010 0.000010 0.000010 0.868333 0.058861 0.072767
Banyarwanda EGAN00001160829	0.000010 0.000010 0.019189 0.000010 0.667538 0.313234 0.000010
RwandeseUgandan EGAN00001160835	0.000011 0.000010 0.010181 0.000010 0.703829 0.285949 0.000010
Banyarwanda EGAN00001160845	0.000010 0.000010 0.024401 0.000010 0.689743 0.285816 0.000010
Banyarwanda EGAN00001160897	0.000010 0.000010 0.000010 0.000010 0.919579 0.000010 0.080371
Banyarwanda EGAN00001160904	0.000010 0.000010 0.000010 0.000010 0.961742 0.000010 0.038208
Banyarwanda EGAN00001160923	0.000010 0.000010 0.000010 0.000010 0.846115 0.049844 0.104001
Barundi EGAN00001161009	0.000010 0.000010 0.000010 0.000010 0.795766 0.125318 0.078877
Banyankole EGAN00001161013	0.000010 0.000010 0.018733 0.000010 0.790070 0.191157 0.000010
Banyankole EGAN00001161072	0.000010 0.000010 0.014065 0.000010 0.800392 0.185503 0.000010
Banyarwanda EGAN00001161102	0.000010 0.000010 0.000010 0.000010 0.885063 0.107602 0.007296
Banyarwanda EGAN00001161146	0.000010 0.000010 0.002126 0.000010 0.842586 0.155248 0.000010
Banyarwanda EGAN00001161190	0.000010 0.000010 0.000010 0.000010 0.802747 0.197203 0.000010
Barundi EGAN00001161211	0.000010 0.000010 0.000010 0.000010 0.914440 0.000010 0.085510
Barundi EGAN00001161223	0.000010 0.000010 0.000010 0.000010 0.925241 0.000010 0.074709
Barundi EGAN00001161273	0.000011 0.017637 0.000010 0.000010 0.787879 0.105057 0.089395
Banyarwanda EGAN00001161275	0.000010 0.000010 0.000010 0.000010 0.999940 0.000010 0.000010
Bakiga EGAN00001161276	0.000010 0.000010 0.000010 0.000010 0.999940 0.000010 0.000010
Banyarwanda EGAN00001161297	0.000010 0.000010 0.000010 0.000010 0.991971 0.007979 0.000010
Banyarwanda EGAN00001161298	0.000010 0.000010 0.007977 0.000010 0.991973 0.000010 0.000010
Banyarwanda EGAN00001161301	0.000010 0.000010 0.004729 0.000010 0.825181 0.114427 0.055634
Banyarwanda EGAN00001161313	0.000010 0.000010 0.000010 0.000010 0.979330 0.008368 0.012261
Banyarwanda EGAN00001161315	0.000010 0.000010 0.000010 0.000010 0.999940 0.000010 0.000010
Banyarwanda EGAN00001161316	0.000010 0.000010 0.006597 0.000010 0.787247 0.178985 0.027142
Banyarwanda EGAN00001161329	0.000010 0.000010 0.006033 0.000010 0.820030 0.173897 0.000010
RwandeseUgandan EGAN00001161396	0.000010 0.000010 0.000010 0.000010 0.804621 0.162594 0.032745
Banyarwanda EGAN00001161428	0.000010 0.000010 0.000010 0.000010 0.977235 0.022715 0.000010
Banyarwanda EGAN00001161431	0.000010 0.000010 0.011493 0.000010 0.758677 0.196090 0.033709
Banyankole EGAN00001161440	0.000010 0.000010 0.000010 0.000010 0.874127 0.028862 0.096971
Banyankole EGAN00001161447	0.000010 0.000010 0.011585 0.000010 0.730131 0.258243 0.000010
Bakiga EGAN00001161452	0.000010 0.000010 0.000010 0.000010 0.898589 0.000010 0.101361
RwandeseUgandan EGAN00001161467	0.000010 0.000010 0.019824 0.000010 0.678085 0.302051 0.000010
RwandeseUgandan EGAN00001161524	0.000010 0.021133 0.000010 0.000010 0.794346 0.086444 0.098046
Banyankole EGAN00001161525	0.000010 0.000010 0.002922 0.000010 0.888544 0.108494 0.000010
Banyankole EGAN00001161537	0.000010 0.000010 0.002793 0.000010 0.876863 0.116598 0.003716
Banyankole EGAN00001161539	0.000010 0.000010 0.006412 0.000010 0.878027 0.102353 0.013178
Banyarwanda EGAN00001161557	0.000010 0.000010 0.000010 0.000010 0.902534 0.000010 0.097416
Bakiga EGAN00001161565	0.000010 0.000010 0.005581 0.000010 0.856975 0.137405 0.000010
Bakiga EGAN00001161610	0.000010 0.000010 0.018160 0.000010 0.865183 0.116618 0.000010
Banyankole EGAN00001161621	0.000010 0.000010 0.000010 0.000010 0.914686 0.085264 0.000010
Banyarwanda EGAN00001161682	0.000010 0.000010 0.004891 0.000010 0.859271 0.135799 0.000010
Banyarwanda EGAN00001161685	0.000010 0.000010 0.004610 0.000010 0.909585 0.085765 0.000010
Bakiga EGAN00001161715	0.000010 0.000010 0.000010 0.000010 0.941778 0.057562 0.000620
Banyarwanda EGAN00001161718	0.000010 0.000010 0.011809 0.000010 0.813494 0.174657 0.000010
RwandeseUgandan EGAN00001161735	0.000010 0.000010 0.000010 0.000010 0.972982 0.009213 0.017764
Banyarwanda EGAN00001161763	0.000010 0.000010 0.000010 0.000010 0.888579 0.033510 0.077870
RwandeseUgandan EGAN00001161807	0.000011 0.000010 0.000010 0.000010 0.795261 0.139869 0.064829
Banyankole EGAN00001161837	0.000010 0.000010 0.000010 0.000010 0.852197 0.083182 0.064581
Banyankole EGAN00001161872	0.000010 0.000010 0.020093 0.000010 0.429610 0.550258 0.000010
Banyankole EGAN00001161873	0.000010 0.000010 0.022938 0.000010 0.350082 0.626940 0.000010
Banyarwanda EGAN00001161887	0.000010 0.000010 0.000010 0.000010 0.994714 0.005236 0.000010
Bakiga EGAN00001161894	0.000010 0.000010 0.000010 0.000010 0.942504 0.057446 0.000010
Banyarwanda EGAN00001161917	0.000010 0.000010 0.025612 0.000010 0.541914 0.432434 0.000010
Banyarwanda EGAN00001161937	0.000010 0.000010 0.000242 0.000010 0.851612 0.132732 0.015384
Barundi EGAN00001161951	0.000010 0.000010 0.000010 0.000010 0.979344 0.000010 0.020606
Banyarwanda EGAN00001161952	0.000010 0.000010 0.002810 0.000010 0.912068 0.085082 0.000010
Banyarwanda EGAN00001161963	0.000010 0.000010 0.006690 0.000010 0.771844 0.221426 0.000010
RwandeseUgandan EGAN00001161986	0.000010 0.000010 0.000010 0.000010 0.983561 0.016389 0.000010
Bakiga EGAN00001162017	0.000010 0.000010 0.000010 0.000010 0.999940 0.000010 0.000010
Banyarwanda EGAN00001162027	0.000010 0.000010 0.000010 0.000010 0.990848 0.000010 0.009102
Banyarwanda EGAN00001162040	0.000010 0.000010 0.000010 0.000010 0.939766 0.060184 0.000010
Banyarwanda EGAN00001162053	0.000010 0.000010 0.001397 0.000010 0.833750 0.164813 0.000010
Banyarwanda EGAN00001162146	0.000010 0.000010 0.000010 0.000010 0.969289 0.030661 0.000010
Barundi EGAN00001162158	0.000010 0.002317 0.002008 0.000010 0.814092 0.103276 0.078286
RwandeseUgandan EGAN00001162186	0.000010 0.000010 0.000010 0.000010 0.916671 0.083279 0.000010
Banyarwanda EGAN00001162194	0.000010 0.000010 0.000010 0.000010 0.647823 0.352127 0.000010
Banyarwanda EGAN00001162200	0.000011 0.000010 0.000020 0.000010 0.599052 0.400887 0.000010
Banyarwanda EGAN00001162204	0.000010 0.000010 0.000010 0.000010 0.805813 0.194137 0.000010
RwandeseUgandan EGAN00001162241	0.000010 0.000010 0.009504 0.000010 0.837324 0.153132 0.000010
Banyarwanda EGAN00001162242	0.000010 0.000010 0.000595 0.000010 0.836770 0.162596 0.000010
RwandeseUgandan EGAN00001162274	0.000010 0.000010 0.005947 0.000010 0.898332 0.095681 0.000010
Bakiga EGAN00001162333	0.000010 0.000010 0.014998 0.000010 0.826574 0.158388 0.000010
Banyarwanda EGAN00001162339	0.000010 0.000010 0.000010 0.000010 0.897244 0.102706 0.000010
RwandeseUgandan EGAN00001162399	0.000010 0.000010 0.000010 0.000010 0.924807 0.075143 0.000010
Banyankole EGAN00001162410	0.000010 0.000010 0.000010 0.000010 0.983433 0.000010 0.016517
Banyarwanda EGAN00001162516	0.000010 0.000010 0.000010 0.000010 0.864292 0.110843 0.024825
Banyarwanda EGAN00001162534	0.000010 0.000010 0.009018 0.000010 0.791507 0.199435 0.000010
RwandeseUgandan EGAN00001162541	0.000010 0.000010 0.015367 0.000010 0.713915 0.270678 0.000010
Barundi EGAN00001162559	0.000011 0.000010 0.000010 0.000010 0.976529 0.014265 0.009165
Banyankole EGAN00001162560	0.000010 0.000010 0.009250 0.000010 0.792240 0.198470 0.000010
Barundi EGAN00001162564	0.000010 0.000019 0.000010 0.000010 0.844366 0.061248 0.094337
RwandeseUgandan EGAN00001162578	0.000010 0.013151 0.000010 0.000010 0.751121 0.119184 0.116514
Banyarwanda EGAN00001162595	0.000010 0.000010 0.023136 0.000010 0.477011 0.499813 0.000010
Banyarwanda EGAN00001162608	0.000010 0.017920 0.000010 0.000010 0.748077 0.226395 0.007578
Banyarwanda EGAN00001162615	0.000010 0.000010 0.000010 0.000010 0.992094 0.000010 0.007856
Barundi EGAN00001162616	0.000010 0.000010 0.000010 0.000010 0.964726 0.000010 0.035224
Banyarwanda EGAN00001162620	0.000010 0.000010 0.001618 0.000010 0.962639 0.035702 0.000010
RwandeseUgandan EGAN00001162628	0.000010 0.000010 0.000010 0.000010 0.735410 0.202297 0.062253
Banyarwanda EGAN00001162634	0.000010 0.000010 0.000010 0.000010 0.930359 0.011009 0.058592
RwandeseUgandan EGAN00001162635	0.000010 0.000010 0.000010 0.000010 0.852020 0.147930 0.000010
Barundi EGAN00001162636	0.000010 0.000010 0.000010 0.000010 0.999940 0.000010 0.000010
Banyarwanda EGAN00001162650	0.000010 0.000017 0.000010 0.000010 0.999933 0.000010 0.000010
Banyarwanda EGAN00001162656	0.000010 0.000010 0.000010 0.000010 0.806700 0.193250 0.000010
Banyarwanda EGAN00001162661	0.000011 0.000010 0.010581 0.000010 0.857094 0.132284 0.000010
Banyarwanda EGAN00001162674	0.000010 0.000010 0.000010 0.000010 0.930198 0.069331 0.000430
Banyarwanda EGAN00001162678	0.000010 0.000016 0.000010 0.000010 0.999934 0.000010 0.000010
Banyarwanda EGAN00001162679	0.000010 0.000010 0.005827 0.000010 0.836513 0.157619 0.000010
Banyarwanda EGAN00001162680	0.000010 0.019094 0.000010 0.000010 0.830622 0.018091 0.132163
Bakiga EGAN00001162681	0.000010 0.015731 0.000010 0.000010 0.836577 0.039795 0.107868
RwandeseUgandan EGAN00001162685	0.000010 0.000010 0.000010 0.000010 0.955463 0.000010 0.044487
RwandeseUgandan EGAN00001162689	0.000010 0.000010 0.012783 0.000010 0.962946 0.024231 0.000010
RwandeseUgandan EGAN00001162690	0.000010 0.000010 0.008215 0.000010 0.896494 0.095251 0.000010
Barundi EGAN00001162693	0.000010 0.009332 0.000010 0.000010 0.768438 0.093510 0.128690
Banyarwanda EGAN00001162702	0.000010 0.000010 0.000010 0.000010 0.999940 0.000010 0.000010
Banyarwanda EGAN00001162717	0.000010 0.000010 0.015593 0.000010 0.863537 0.120830 0.000010
RwandeseUgandan EGAN00001162718	0.000010 0.000010 0.000010 0.000010 0.887076 0.074034 0.038850
RwandeseUgandan EGAN00001162719	0.000010 0.000010 0.002602 0.000010 0.936511 0.060847 0.000010
RwandeseUgandan EGAN00001162720	0.000010 0.000010 0.007633 0.000010 0.874632 0.117695 0.000010
Banyarwanda EGAN00001162722	0.000010 0.000010 0.000010 0.000010 0.947423 0.000010 0.052527
Banyarwanda EGAN00001162724	0.000010 0.000010 0.000010 0.000010 0.948547 0.051403 0.000010
Bakiga EGAN00001162725	0.000010 0.000010 0.000010 0.000010 0.878959 0.120991 0.000010
Banyarwanda EGAN00001162728	0.000010 0.000010 0.000010 0.000010 0.827404 0.130143 0.042413
Banyarwanda EGAN00001162729	0.000011 0.000010 0.000010 0.000010 0.861272 0.106564 0.032123
Banyankole EGAN00001162733	0.000010 0.000010 0.013172 0.000010 0.979395 0.007393 0.000010
RwandeseUgandan EGAN00001162734	0.000010 0.000010 0.000010 0.000010 0.935392 0.064558 0.000010
Banyarwanda EGAN00001162735	0.000010 0.000010 0.002610 0.000010 0.887607 0.109743 0.000010
Bakiga EGAN00001162740	0.000010 0.000010 0.000010 0.000010 0.999940 0.000010 0.000010
Banyarwanda EGAN00001162745	0.000010 0.000010 0.000010 0.000010 0.931843 0.068107 0.000010
Banyarwanda EGAN00001162751	0.000010 0.000010 0.002184 0.000010 0.953705 0.044072 0.000010
RwandeseUgandan EGAN00001162754	0.000010 0.000010 0.000010 0.000010 0.799724 0.105373 0.094862
Banyarwanda EGAN00001162759	0.000010 0.000010 0.020901 0.000010 0.682504 0.296555 0.000010
Banyarwanda EGAN00001162778	0.000010 0.000010 0.000010 0.000010 0.932762 0.047748 0.019451
RwandeseUgandan EGAN00001162780	0.000010 0.000010 0.014295 0.000012 0.967475 0.018188 0.000010
Banyarwanda EGAN00001162781	0.000010 0.000010 0.000010 0.000010 0.854212 0.145738 0.000010
Banyarwanda EGAN00001162782	0.000010 0.000010 0.020294 0.000010 0.757402 0.213102 0.009171
Banyarwanda EGAN00001162799	0.000014 0.000010 0.000010 0.000010 0.837648 0.162298 0.000010
RwandeseUgandan EGAN00001162814	0.000010 0.000010 0.006421 0.000010 0.838919 0.154620 0.000010
Banyarwanda EGAN00001162830	0.000010 0.000010 0.000010 0.000010 0.925489 0.074461 0.000010
RwandeseUgandan EGAN00001162835	0.000010 0.000010 0.000010 0.000010 0.841051 0.158899 0.000010
Banyarwanda EGAN00001162845	0.000010 0.000010 0.000010 0.000010 0.804403 0.154771 0.040786
Banyarwanda EGAN00001162851	0.000010 0.000010 0.000406 0.000010 0.801365 0.198190 0.000010
Bakiga EGAN00001162852	0.000010 0.000010 0.000010 0.000010 0.865283 0.105007 0.029669
Banyarwanda EGAN00001162853	0.000010 0.000010 0.007547 0.000010 0.786974 0.205440 0.000010
Banyarwanda EGAN00001162856	0.000011 0.000010 0.013858 0.000010 0.769827 0.147061 0.069223
Bakiga EGAN00001162858	0.000010 0.000010 0.000010 0.000010 0.886797 0.113153 0.000010
Banyarwanda EGAN00001162866	0.000010 0.000010 0.009386 0.000010 0.779969 0.192317 0.018297
Banyarwanda EGAN00001162875	0.000010 0.000010 0.027352 0.000010 0.610025 0.362583 0.000010
RwandeseUgandan EGAN00001162886	0.000010 0.000010 0.000010 0.000010 0.834095 0.058044 0.107822
Barundi EGAN00001162890	0.000010 0.000010 0.000010 0.000010 0.983621 0.000010 0.016329
Barundi EGAN00001162891	0.000010 0.000010 0.000010 0.000010 0.969949 0.026290 0.003721
Bakiga EGAN00001162892	0.000010 0.000010 0.000010 0.000010 0.999940 0.000010 0.000010
Barundi EGAN00001162894	0.000010 0.000010 0.000010 0.000010 0.999940 0.000010 0.000010
Banyarwanda EGAN00001162902	0.000010 0.000010 0.043832 0.000010 0.482419 0.473709 0.000010
Banyarwanda EGAN00001162923	0.000010 0.000010 0.000010 0.000010 0.841061 0.158889 0.000010
Banyarwanda EGAN00001162925	0.000010 0.019386 0.000010 0.000010 0.809219 0.086134 0.085230
RwandeseUgandan EGAN00001162929	0.000013 0.000010 0.035031 0.000010 0.584159 0.380767 0.000010
Banyarwanda EGAN00001162936	0.000010 0.000010 0.000010 0.000010 0.880549 0.011874 0.107536
Banyarwanda EGAN00001162967	0.000010 0.000010 0.000010 0.000010 0.823467 0.176483 0.000010
RwandeseUgandan EGAN00001162970	0.000011 0.000010 0.000010 0.000010 0.999939 0.000010 0.000010
uganda_gwas_unknown EGAN00001162971	0.000010 0.000010 0.000010 0.000010 0.998523 0.001427 0.000010
RwandeseUgandan EGAN00001162972	0.000010 0.030403 0.000010 0.000010 0.780279 0.035208 0.154080
Barundi EGAN00001162975	0.000010 0.000010 0.000010 0.000010 0.440195 0.559755 0.000010
Banyarwanda EGAN00001162976	0.000010 0.000010 0.009013 0.000010 0.812952 0.177995 0.000010
RwandeseUgandan EGAN00001162979	0.000010 0.000010 0.000010 0.000010 0.191201 0.808749 0.000010
Banyarwanda EGAN00001162980	0.000010 0.000010 0.000010 0.000010 0.914289 0.000010 0.085661
Banyankole EGAN00001163001	0.000010 0.000010 0.000010 0.000010 0.946160 0.000010 0.053790
RwandeseUgandan EGAN00001163026	0.000010 0.000010 0.000010 0.000010 0.910799 0.085163 0.003998
Banyankole EGAN00001163029	0.000010 0.000010 0.000010 0.000010 0.904645 0.012787 0.082527
Banyankole EGAN00001163031	0.000010 0.000010 0.037115 0.000010 0.521608 0.441237 0.000010
Banyarwanda EGAN00001163032	0.000010 0.000010 0.001146 0.000010 0.808490 0.095194 0.095140
Banyarwanda EGAN00001163034	0.000010 0.000010 0.000010 0.000010 0.277396 0.722554 0.000010
Banyarwanda EGAN00001163053	0.000010 0.000010 0.000010 0.000010 0.234496 0.765454 0.000010
Banyarwanda EGAN00001163065	0.000010 0.000010 0.056346 0.000010 0.420644 0.522971 0.000010
RwandeseUgandan EGAN00001163069	0.000010 0.010099 0.000010 0.000010 0.864798 0.057346 0.067727
RwandeseUgandan EGAN00001163075	0.000010 0.000010 0.050512 0.000010 0.374152 0.575296 0.000010
Banyarwanda EGAN00001163079	0.000010 0.000010 0.012906 0.000010 0.717380 0.269674 0.000010
RwandeseUgandan EGAN00001163082	0.000010 0.000010 0.003817 0.000010 0.857841 0.115530 0.022783
RwandeseUgandan EGAN00001163083	0.000010 0.000010 0.044279 0.000010 0.417087 0.538595 0.000010
Banyarwanda EGAN00001163091	0.000010 0.000010 0.003992 0.000010 0.848730 0.114953 0.032295
Banyarwanda EGAN00001163099	0.000010 0.000010 0.000010 0.000010 0.908554 0.060194 0.031211
Banyarwanda EGAN00001163109	0.000010 0.000010 0.000010 0.000010 0.882792 0.059120 0.058049
RwandeseUgandan EGAN00001163123	0.000010 0.000010 0.003600 0.000010 0.907878 0.088294 0.000199
Bakiga EGAN00001163124	0.000010 0.029469 0.000010 0.000010 0.737610 0.119036 0.113855
Banyarwanda EGAN00001163126	0.000010 0.000010 0.009574 0.000010 0.791524 0.166840 0.032032
Banyarwanda EGAN00001163136	0.000010 0.000010 0.006357 0.000010 0.706092 0.276507 0.011014
Barundi EGAN00001163151	0.000010 0.000010 0.008091 0.000010 0.832661 0.159208 0.000010
RwandeseUgandan EGAN00001163154	0.000011 0.000010 0.000010 0.000010 0.800554 0.163114 0.036292
uganda_gwas_unknown EGAN00001163155	0.000010 0.000010 0.039451 0.000010 0.350631 0.609877 0.000010
Banyarwanda EGAN00001163169	0.000010 0.000010 0.024786 0.000010 0.291276 0.683898 0.000010
Banyarwanda EGAN00001163176	0.000010 0.000010 0.000010 0.000010 0.907435 0.000010 0.092515
Banyarwanda EGAN00001163181	0.000010 0.000010 0.000010 0.000010 0.846865 0.058765 0.094330
Banyarwanda EGAN00001163185	0.000010 0.000010 0.003504 0.000010 0.843641 0.117829 0.034996
RwandeseUgandan EGAN00001163189	0.000010 0.000010 0.006237 0.000010 0.816439 0.105712 0.071582
Banyarwanda EGAN00001163199	0.000010 0.000010 0.000010 0.000010 0.845897 0.072511 0.081553
RwandeseUgandan EGAN00001163204	0.000010 0.000010 0.000010 0.000010 0.817460 0.064385 0.118115
Banyarwanda EGAN00001163206	0.000010 0.000010 0.017802 0.000010 0.667042 0.315117 0.000010
Batooro EGAN00001163210	0.000010 0.000010 0.000010 0.000010 0.918693 0.000010 0.081257
Nyanjiro(Tanzania) EGAN00001163218	0.000010 0.000010 0.018151 0.000010 0.670635 0.311173 0.000010
Banyarwanda EGAN00001163219	0.000010 0.000010 0.000010 0.000010 0.872332 0.113055 0.014573
Banyarwanda EGAN00001163227	0.000010 0.000010 0.000010 0.000010 0.912262 0.087688 0.000010
Banyankole EGAN00001163244	0.000010 0.000010 0.000010 0.000010 0.893269 0.000010 0.106681
Banyankole EGAN00001163247	0.000010 0.000010 0.016316 0.000010 0.754516 0.229128 0.000010
Banyarwanda EGAN00001163256	0.000010 0.000010 0.014420 0.000010 0.717065 0.268475 0.000010
Banyarwanda EGAN00001163277	0.000010 0.000010 0.000010 0.000010 0.999940 0.000010 0.000010
Banyarwanda EGAN00001163278	0.000010 0.000010 0.000010 0.000010 0.835391 0.022566 0.142002
